   1,         0,    -6,    -6,     9,     0,  -704,  -465,  1154,     0,0,0,0,0,0,0,0,0,0,0,0,0,0,0,0,0,0,0,0,1,0,0,0,0,1,0,0,1,0,0,0,0
   2,      1000,    -3,    -7,     7,     0,  -370,  -759,  1128,     5,0,0,0,0,0,0,0,0,0,0,0,0,0,0,0,0,0,0,0,1,0,0,0,0,1,0,0,1,0,0,0,0
   3,      2000,    -1,    -8,     6,     0,    -7, -1009,  1030,     4,0,0,0,0,0,0,0,0,0,0,0,0,0,0,0,0,0,0,0,1,0,0,0,0,1,0,0,1,0,0,0,0
   4,      3000,     1,    -7,     3,     0,   350, -1153,   817,     0,0,0,0,0,0,0,0,0,0,0,0,0,0,0,0,0,0,0,0,1,0,0,0,0,1,0,0,1,0,0,0,0
   5,      4000,     5,    -5,     0,     0,   667, -1178,   526,     0,0,0,0,0,0,0,0,0,0,0,0,0,0,0,0,0,0,0,0,1,0,0,0,0,1,0,0,1,0,0,0,0
   6,      5000,     6,    -4,    -1,     0,   928, -1078,   162,     1,0,0,0,0,0,0,0,0,0,0,0,0,0,0,0,0,0,0,0,1,0,0,0,0,1,0,0,1,0,0,0,0
   7,      6000,     8,    -1,    -4,     0,  1123,  -888,  -199,     5,0,0,0,0,0,0,0,0,0,0,0,0,0,0,0,0,0,0,0,1,0,0,0,0,1,0,0,1,0,0,0,0
   8,      7000,     9,     0,    -6,     0,  1172,  -611,  -538,     8,0,0,0,0,0,0,0,0,0,0,0,0,0,0,0,0,0,0,0,1,0,0,0,0,1,0,0,1,0,0,0,0
   9,      8000,     8,     2,    -7,     0,  1112,  -267,  -831,    10,0,0,0,0,0,0,0,0,0,0,0,0,0,0,0,0,0,0,0,1,0,0,0,0,1,0,0,1,0,0,0,0
  10,      9000,     7,     6,    -8,     0,   955,   105, -1051,     9,0,0,0,0,0,0,0,0,0,0,0,0,0,0,0,0,0,0,0,1,0,0,0,0,1,0,0,1,0,0,0,0
  11,     10000,     7,     6,    -9,     0,   685,   450, -1163,     0,0,0,0,0,0,0,0,0,0,0,0,0,0,0,0,0,0,0,0,1,0,0,0,0,1,0,0,1,0,0,0,0
  12,     11000,     3,     8,    -7,     0,   355,   769, -1162,    -3,0,0,0,0,0,0,0,0,0,0,0,0,0,0,0,0,0,0,0,1,0,0,0,0,1,0,0,1,0,0,0,0
  13,     12000,     1,     9,    -5,     0,     0,  1003, -1046,    -3,0,0,0,0,0,0,0,0,0,0,0,0,0,0,0,0,0,0,0,1,0,0,0,0,1,0,0,1,0,0,0,0
  14,     13000,     0,     8,    -3,     0,  -358,  1137,  -826,     0,0,0,0,0,0,0,0,0,0,0,0,0,0,0,0,0,0,0,0,1,0,0,0,0,1,0,0,1,0,0,0,0
  15,     14000,    -4,     6,     0,     0,  -686,  1161,  -524,     4,0,0,0,0,0,0,0,0,0,0,0,0,0,0,0,0,0,0,0,1,0,0,0,0,1,0,0,1,0,0,0,0
  16,     15000,    -6,     4,     1,     0,  -946,  1061,  -175,     2,0,0,0,0,0,0,0,0,0,0,0,0,0,0,0,0,0,0,0,1,0,0,0,0,1,0,0,1,0,0,0,0
  17,     16000,    -8,     1,     4,     0, -1126,   884,   186,    -1,0,0,0,0,0,0,0,0,0,0,0,0,0,0,0,0,0,0,0,1,0,0,0,0,1,0,0,1,0,0,0,0
  18,     17000,    -9,     0,     7,     0, -1182,   599,   525,    -6,0,0,0,0,0,0,0,0,0,0,0,0,0,0,0,0,0,0,0,1,0,0,0,0,1,0,0,1,0,0,0,0
  19,     18000,    -8,    -2,     8,     0, -1128,   253,   817,    -7,0,0,0,0,0,0,0,0,0,0,0,0,0,0,0,0,0,0,0,1,0,0,0,0,1,0,0,1,0,0,0,0
  20,     19000,    -7,    -6,     8,     0,  -969,  -110,  1036,    -3,0,0,0,0,0,0,0,0,0,0,0,0,0,0,0,0,0,0,0,1,0,0,0,0,1,0,0,1,0,0,0,0
  21,     20000,    -6,    -6,     9,     0,  -699,  -468,  1147,     0,0,0,0,0,0,0,0,0,0,0,0,0,0,0,0,0,0,0,0,1,0,0,0,0,1,0,0,1,0,0,0,0
  22,     21000,    -3,    -7,     8,     0,  -369,  -773,  1145,     6,0,0,0,0,0,0,0,0,0,0,0,0,0,0,0,0,0,0,0,1,0,0,0,0,1,0,0,1,0,0,0,0
  23,     22000,    -1,    -8,     5,     0,    -1, -1013,  1027,     4,0,0,0,0,0,0,0,0,0,0,0,0,0,0,0,0,0,0,0,1,0,0,0,0,1,0,0,1,0,0,0,0
  24,     23000,     1,    -7,     3,     0,   355, -1155,   813,     0,0,0,0,0,0,0,0,0,0,0,0,0,0,0,0,0,0,0,0,1,0,0,0,0,1,0,0,1,0,0,0,0
  25,     24000,     5,    -5,     0,     0,   671, -1177,   521,     0,0,0,0,0,0,0,0,0,0,0,0,0,0,0,0,0,0,0,0,1,0,0,0,0,1,0,0,1,0,0,0,0
  26,     25000,     6,    -4,    -1,     0,   932, -1076,   156,     1,0,0,0,0,0,0,0,0,0,0,0,0,0,0,0,0,0,0,0,1,0,0,0,0,1,0,0,1,0,0,0,0
  27,     26000,     8,    -1,    -4,     0,  1126,  -884,  -205,     5,0,0,0,0,0,0,0,0,0,0,0,0,0,0,0,0,0,0,0,1,0,0,0,0,1,0,0,1,0,0,0,0
  28,     27000,     9,     0,    -6,     0,  1172,  -606,  -544,     8,0,0,0,0,0,0,0,0,0,0,0,0,0,0,0,0,0,0,0,1,0,0,0,0,1,0,0,1,0,0,0,0
  29,     28000,     8,     2,    -7,     0,  1110,  -261,  -835,    10,0,0,0,0,0,0,0,0,0,0,0,0,0,0,0,0,0,0,0,1,0,0,0,0,1,0,0,1,0,0,0,0
  30,     29000,     7,     6,    -8,     0,   951,   111, -1053,     9,0,0,0,0,0,0,0,0,0,0,0,0,0,0,0,0,0,0,0,1,0,0,0,0,1,0,0,1,0,0,0,0
  31,     30000,     7,     6,    -9,     0,   680,   455, -1164,     0,0,0,0,0,0,0,0,0,0,0,0,0,0,0,0,0,0,0,0,1,0,0,0,0,1,0,0,1,0,0,0,0
  32,     31000,     3,     8,    -7,     0,   350,   774, -1161,    -3,0,0,0,0,0,0,0,0,0,0,0,0,0,0,0,0,0,0,0,1,0,0,0,0,1,0,0,1,0,0,0,0
  33,     32000,     0,     9,    -5,     0,    -5,  1005, -1043,    -3,0,0,0,0,0,0,0,0,0,0,0,0,0,0,0,0,0,0,0,1,0,0,0,0,1,0,0,1,0,0,0,0
  34,     33000,     0,     8,    -3,     0,  -363,  1138,  -821,     0,0,0,0,0,0,0,0,0,0,0,0,0,0,0,0,0,0,0,0,1,0,0,0,0,1,0,0,1,0,0,0,0
  35,     34000,    -4,     6,     0,     0,  -691,  1161,  -519,     4,0,0,0,0,0,0,0,0,0,0,0,0,0,0,0,0,0,0,0,1,0,0,0,0,1,0,0,1,0,0,0,0
  36,     35000,    -6,     4,     1,     0,  -950,  1059,  -169,     2,0,0,0,0,0,0,0,0,0,0,0,0,0,0,0,0,0,0,0,1,0,0,0,0,1,0,0,1,0,0,0,0
  37,     36000,    -8,     1,     5,     0, -1128,   881,   191,    -1,0,0,0,0,0,0,0,0,0,0,0,0,0,0,0,0,0,0,0,1,0,0,0,0,1,0,0,1,0,0,0,0
  38,     37000,    -9,     0,     7,     0, -1182,   594,   530,    -6,0,0,0,0,0,0,0,0,0,0,0,0,0,0,0,0,0,0,0,1,0,0,0,0,1,0,0,1,0,0,0,0
  39,     38000,    -8,    -2,     8,     0, -1127,   247,   821,    -7,0,0,0,0,0,0,0,0,0,0,0,0,0,0,0,0,0,0,0,1,0,0,0,0,1,0,0,1,0,0,0,0
  40,     39000,    -7,    -6,     8,     0,  -965,  -115,  1038,    -3,0,0,0,0,0,0,0,0,0,0,0,0,0,0,0,0,0,0,0,1,0,0,0,0,1,0,0,1,0,0,0,0
  41,     40000,    -6,    -6,     9,     0,  -694,  -474,  1148,     0,0,0,0,0,0,0,0,0,0,0,0,0,0,0,0,0,0,0,0,1,0,0,0,0,1,0,0,1,0,0,0,0
  42,     41000,    -3,    -7,     7,     0,  -364,  -778,  1144,     6,0,0,0,0,0,0,0,0,0,0,0,0,0,0,0,0,0,0,0,1,0,0,0,0,1,0,0,1,0,0,0,0
  43,     42000,    -1,    -8,     5,     0,     4, -1016,  1024,     4,0,0,0,0,0,0,0,0,0,0,0,0,0,0,0,0,0,0,0,1,0,0,0,0,1,0,0,1,0,0,0,0
  44,     43000,     1,    -7,     3,     0,   361, -1156,   809,     0,0,0,0,0,0,0,0,0,0,0,0,0,0,0,0,0,0,0,0,1,0,0,0,0,1,0,0,1,0,0,0,0
  45,     44000,     5,    -5,     0,     0,   676, -1176,   515,     0,0,0,0,0,0,0,0,0,0,0,0,0,0,0,0,0,0,0,0,1,0,0,0,0,1,0,0,1,0,0,0,0
  46,     45000,     6,    -4,    -1,     0,   936, -1074,   151,     1,0,0,0,0,0,0,0,0,0,0,0,0,0,0,0,0,0,0,0,1,0,0,0,0,1,0,0,1,0,0,0,0
  47,     46000,     8,    -1,    -4,     0,  1128,  -880,  -211,     5,0,0,0,0,0,0,0,0,0,0,0,0,0,0,0,0,0,0,0,1,0,0,0,0,1,0,0,1,0,0,0,0
  48,     47000,     9,     0,    -6,     0,  1172,  -601,  -549,     8,0,0,0,0,0,0,0,0,0,0,0,0,0,0,0,0,0,0,0,1,0,0,0,0,1,0,0,1,0,0,0,0
  49,     48000,     8,     2,    -7,     0,  1109,  -255,  -840,    10,0,0,0,0,0,0,0,0,0,0,0,0,0,0,0,0,0,0,0,1,0,0,0,0,1,0,0,1,0,0,0,0
  50,     49000,     7,     6,    -8,     0,   947,   117, -1056,     9,0,0,0,0,0,0,0,0,0,0,0,0,0,0,0,0,0,0,0,1,0,0,0,0,1,0,0,1,0,0,0,0
  51,     50000,     7,     6,    -9,     0,   676,   460, -1165,     0,0,0,0,0,0,0,0,0,0,0,0,0,0,0,0,0,0,0,0,1,0,0,0,0,1,0,0,1,0,0,0,0
  52,     51000,     3,     8,    -7,     0,   344,   778, -1160,    -3,0,0,0,0,0,0,0,0,0,0,0,0,0,0,0,0,0,0,0,1,0,0,0,0,1,0,0,1,0,0,0,0
  53,     52000,     0,     9,    -5,     0,   -11,  1008, -1040,    -3,0,0,0,0,0,0,0,0,0,0,0,0,0,0,0,0,0,0,0,1,0,0,0,0,1,0,0,1,0,0,0,0
  54,     53000,     0,     8,    -3,     0,  -369,  1140,  -817,     0,0,0,0,0,0,0,0,0,0,0,0,0,0,0,0,0,0,0,0,1,0,0,0,0,1,0,0,1,0,0,0,0
  55,     54000,    -4,     6,     0,     0,  -696,  1160,  -513,     4,0,0,0,0,0,0,0,0,0,0,0,0,0,0,0,0,0,0,0,1,0,0,0,0,1,0,0,1,0,0,0,0
  56,     55000,    -6,     4,     1,     0,  -953,  1056,  -163,     2,0,0,0,0,0,0,0,0,0,0,0,0,0,0,0,0,0,0,0,1,0,0,0,0,1,0,0,1,0,0,0,0
  57,     56000,    -8,     1,     5,     0, -1130,   877,   197,    -1,0,0,0,0,0,0,0,0,0,0,0,0,0,0,0,0,0,0,0,1,0,0,0,0,1,0,0,1,0,0,0,0
  58,     57000,    -9,     0,     7,     0, -1182,   588,   535,    -6,0,0,0,0,0,0,0,0,0,0,0,0,0,0,0,0,0,0,0,1,0,0,0,0,1,0,0,1,0,0,0,0
  59,     58000,    -8,    -2,     8,     0, -1125,   241,   826,    -7,0,0,0,0,0,0,0,0,0,0,0,0,0,0,0,0,0,0,0,1,0,0,0,0,1,0,0,1,0,0,0,0
  60,     59000,    -7,    -6,     8,     0,  -962,  -121,  1041,    -3,0,0,0,0,0,0,0,0,0,0,0,0,0,0,0,0,0,0,0,1,0,0,0,0,1,0,0,1,0,0,0,0
  61,     60000,    -6,    -6,     9,     0,  -689,  -479,  1149,     0,0,0,0,0,0,0,0,0,0,0,0,0,0,0,0,0,0,0,0,1,0,0,0,0,1,0,0,1,0,0,0,0
  62,     61000,    -3,    -7,     7,     0,  -358,  -782,  1143,     6,0,0,0,0,0,0,0,0,0,0,0,0,0,0,0,0,0,0,0,1,0,0,0,0,1,0,0,1,0,0,0,0
  63,     62000,    -1,    -8,     5,     0,    10, -1019,  1021,     4,0,0,0,0,0,0,0,0,0,0,0,0,0,0,0,0,0,0,0,1,0,0,0,0,1,0,0,1,0,0,0,0
  64,     63000,     1,    -7,     3,     0,   366, -1157,   805,     0,0,0,0,0,0,0,0,0,0,0,0,0,0,0,0,0,0,0,0,1,0,0,0,0,1,0,0,1,0,0,0,0
  65,     64000,     5,    -5,     0,     0,   680, -1176,   510,     0,0,0,0,0,0,0,0,0,0,0,0,0,0,0,0,0,0,0,0,1,0,0,0,0,1,0,0,1,0,0,0,0
  66,     65000,     6,    -4,    -1,     0,   939, -1071,   145,     1,0,0,0,0,0,0,0,0,0,0,0,0,0,0,0,0,0,0,0,1,0,0,0,0,1,0,0,1,0,0,0,0
  67,     66000,     8,    -1,    -4,     0,  1130,  -877,  -216,     5,0,0,0,0,0,0,0,0,0,0,0,0,0,0,0,0,0,0,0,1,0,0,0,0,1,0,0,1,0,0,0,0
  68,     67000,     9,     0,    -6,     0,  1171,  -596,  -554,     8,0,0,0,0,0,0,0,0,0,0,0,0,0,0,0,0,0,0,0,1,0,0,0,0,1,0,0,1,0,0,0,0
  69,     68000,     8,     2,    -7,     0,  1107,  -248,  -844,    10,0,0,0,0,0,0,0,0,0,0,0,0,0,0,0,0,0,0,0,1,0,0,0,0,1,0,0,1,0,0,0,0
  70,     69000,     7,     6,    -9,     0,   944,   123, -1058,     9,0,0,0,0,0,0,0,0,0,0,0,0,0,0,0,0,0,0,0,1,0,0,0,0,1,0,0,1,0,0,0,0
  71,     70000,     7,     6,    -9,     0,   671,   465, -1165,     0,0,0,0,0,0,0,0,0,0,0,0,0,0,0,0,0,0,0,0,1,0,0,0,0,1,0,0,1,0,0,0,0
  72,     71000,     3,     8,    -7,     0,   339,   783, -1159,    -3,0,0,0,0,0,0,0,0,0,0,0,0,0,0,0,0,0,0,0,1,0,0,0,0,1,0,0,1,0,0,0,0
  73,     72000,     0,     9,    -5,     0,   -17,  1011, -1037,    -2,0,0,0,0,0,0,0,0,0,0,0,0,0,0,0,0,0,0,0,1,0,0,0,0,1,0,0,1,0,0,0,0
  74,     73000,    -1,     8,    -3,     0,  -375,  1141,  -812,     0,0,0,0,0,0,0,0,0,0,0,0,0,0,0,0,0,0,0,0,1,0,0,0,0,1,0,0,1,0,0,0,0
  75,     74000,    -4,     6,     0,     0,  -700,  1159,  -508,     4,0,0,0,0,0,0,0,0,0,0,0,0,0,0,0,0,0,0,0,1,0,0,0,0,1,0,0,1,0,0,0,0
  76,     75000,    -6,     4,     1,     0,  -956,  1054,  -158,     2,0,0,0,0,0,0,0,0,0,0,0,0,0,0,0,0,0,0,0,1,0,0,0,0,1,0,0,1,0,0,0,0
  77,     76000,    -8,     1,     5,     0, -1132,   873,   203,    -1,0,0,0,0,0,0,0,0,0,0,0,0,0,0,0,0,0,0,0,1,0,0,0,0,1,0,0,1,0,0,0,0
  78,     77000,    -9,     0,     7,     0, -1181,   583,   540,    -6,0,0,0,0,0,0,0,0,0,0,0,0,0,0,0,0,0,0,0,1,0,0,0,0,1,0,0,1,0,0,0,0
  79,     78000,    -8,    -2,     8,     0, -1123,   235,   830,    -7,0,0,0,0,0,0,0,0,0,0,0,0,0,0,0,0,0,0,0,1,0,0,0,0,1,0,0,1,0,0,0,0
  80,     79000,    -7,    -6,     9,     0,  -958,  -127,  1044,    -3,0,0,0,0,0,0,0,0,0,0,0,0,0,0,0,0,0,0,0,1,0,0,0,0,1,0,0,1,0,0,0,0
  81,     80000,    -6,    -6,     9,     0,  -684,  -484,  1150,     0,0,0,0,0,0,0,0,0,0,0,0,0,0,0,0,0,0,0,0,1,0,0,0,0,1,0,0,1,0,0,0,0
  82,     81000,    -3,    -7,     7,     0,  -353,  -786,  1142,     6,0,0,0,0,0,0,0,0,0,0,0,0,0,0,0,0,0,0,0,1,0,0,0,0,1,0,0,1,0,0,0,0
  83,     82000,    -1,    -8,     5,     0,    16, -1022,  1019,     4,0,0,0,0,0,0,0,0,0,0,0,0,0,0,0,0,0,0,0,1,0,0,0,0,1,0,0,1,0,0,0,0
  84,     83000,     1,    -7,     3,     0,   372, -1159,   800,     0,0,0,0,0,0,0,0,0,0,0,0,0,0,0,0,0,0,0,0,1,0,0,0,0,1,0,0,1,0,0,0,0
  85,     84000,     5,    -5,     0,     0,   685, -1175,   504,     0,0,0,0,0,0,0,0,0,0,0,0,0,0,0,0,0,0,0,0,1,0,0,0,0,1,0,0,1,0,0,0,0
  86,     85000,     6,    -4,    -1,     0,   943, -1069,   139,     1,0,0,0,0,0,0,0,0,0,0,0,0,0,0,0,0,0,0,0,1,0,0,0,0,1,0,0,1,0,0,0,0
  87,     86000,     8,    -1,    -4,     0,  1132,  -873,  -222,     5,0,0,0,0,0,0,0,0,0,0,0,0,0,0,0,0,0,0,0,1,0,0,0,0,1,0,0,1,0,0,0,0
  88,     87000,     9,     0,    -6,     0,  1171,  -591,  -559,     8,0,0,0,0,0,0,0,0,0,0,0,0,0,0,0,0,0,0,0,1,0,0,0,0,1,0,0,1,0,0,0,0
  89,     88000,     8,     2,    -7,     0,  1105,  -242,  -848,    10,0,0,0,0,0,0,0,0,0,0,0,0,0,0,0,0,0,0,0,1,0,0,0,0,1,0,0,1,0,0,0,0
  90,     89000,     7,     6,    -9,     0,   940,   128, -1061,     9,0,0,0,0,0,0,0,0,0,0,0,0,0,0,0,0,0,0,0,1,0,0,0,0,1,0,0,1,0,0,0,0
  91,     90000,     7,     6,    -9,     0,   666,   471, -1166,     0,0,0,0,0,0,0,0,0,0,0,0,0,0,0,0,0,0,0,0,1,0,0,0,0,1,0,0,1,0,0,0,0
  92,     91000,     3,     8,    -7,     0,   333,   787, -1158,    -3,0,0,0,0,0,0,0,0,0,0,0,0,0,0,0,0,0,0,0,1,0,0,0,0,1,0,0,1,0,0,0,0
  93,     92000,     0,     9,    -5,     0,   -23,  1014, -1034,    -2,0,0,0,0,0,0,0,0,0,0,0,0,0,0,0,0,0,0,0,1,0,0,0,0,1,0,0,1,0,0,0,0
  94,     93000,    -1,     8,    -3,     0,  -381,  1142,  -808,     0,0,0,0,0,0,0,0,0,0,0,0,0,0,0,0,0,0,0,0,1,0,0,0,0,1,0,0,1,0,0,0,0
  95,     94000,    -4,     6,     0,     0,  -705,  1158,  -503,     4,0,0,0,0,0,0,0,0,0,0,0,0,0,0,0,0,0,0,0,1,0,0,0,0,1,0,0,1,0,0,0,0
  96,     95000,    -6,     4,     1,     0,  -960,  1052,  -152,     2,0,0,0,0,0,0,0,0,0,0,0,0,0,0,0,0,0,0,0,1,0,0,0,0,1,0,0,1,0,0,0,0
  97,     96000,    -8,     1,     5,     0, -1134,   870,   208,    -1,0,0,0,0,0,0,0,0,0,0,0,0,0,0,0,0,0,0,0,1,0,0,0,0,1,0,0,1,0,0,0,0
  98,     97000,    -9,     0,     7,     0, -1181,   577,   546,    -6,0,0,0,0,0,0,0,0,0,0,0,0,0,0,0,0,0,0,0,1,0,0,0,0,1,0,0,1,0,0,0,0
  99,     98000,    -8,    -2,     8,     0, -1122,   229,   834,    -7,0,0,0,0,0,0,0,0,0,0,0,0,0,0,0,0,0,0,0,1,0,0,0,0,1,0,0,1,0,0,0,0
 100,     99000,    -7,    -6,     9,     0,  -954,  -133,  1046,    -3,0,0,0,0,0,0,0,0,0,0,0,0,0,0,0,0,0,0,0,1,0,0,0,0,1,0,0,1,0,0,0,0
 101,    100000,    -6,    -6,     9,     0,  -680,  -489,  1151,     0,0,0,0,0,0,0,0,0,0,0,0,0,0,0,0,0,0,0,0,1,0,0,0,0,1,0,0,1,0,0,0,0
 102,    101000,    -3,    -7,     7,     0,  -347,  -791,  1141,     6,0,0,0,0,0,0,0,0,0,0,0,0,0,0,0,0,0,0,0,1,0,0,0,0,1,0,0,1,0,0,0,0
 103,    102000,    -1,    -8,     5,     0,    22, -1025,  1016,     4,0,0,0,0,0,0,0,0,0,0,0,0,0,0,0,0,0,0,0,1,0,0,0,0,1,0,0,1,0,0,0,0
 104,    103000,     1,    -7,     3,     0,   377, -1160,   796,     0,0,0,0,0,0,0,0,0,0,0,0,0,0,0,0,0,0,0,0,1,0,0,0,0,1,0,0,1,0,0,0,0
 105,    104000,     5,    -5,     0,     0,   690, -1174,   499,     0,0,0,0,0,0,0,0,0,0,0,0,0,0,0,0,0,0,0,0,1,0,0,0,0,1,0,0,1,0,0,0,0
 106,    105000,     6,    -4,    -1,     0,   946, -1066,   133,     1,0,0,0,0,0,0,0,0,0,0,0,0,0,0,0,0,0,0,0,1,0,0,0,0,1,0,0,1,0,0,0,0
 107,    106000,     8,    -1,    -4,     0,  1134,  -869,  -228,     5,0,0,0,0,0,0,0,0,0,0,0,0,0,0,0,0,0,0,0,1,0,0,0,0,1,0,0,1,0,0,0,0
 108,    107000,     9,     0,    -6,     0,  1170,  -586,  -564,     8,0,0,0,0,0,0,0,0,0,0,0,0,0,0,0,0,0,0,0,1,0,0,0,0,1,0,0,1,0,0,0,0
 109,    108000,     8,     3,    -7,     0,  1104,  -236,  -852,    10,0,0,0,0,0,0,0,0,0,0,0,0,0,0,0,0,0,0,0,1,0,0,0,0,1,0,0,1,0,0,0,0
 110,    109000,     7,     6,    -9,     0,   936,   134, -1063,     8,0,0,0,0,0,0,0,0,0,0,0,0,0,0,0,0,0,0,0,1,0,0,0,0,1,0,0,1,0,0,0,0
 111,    110000,     7,     6,    -9,     0,   661,   476, -1167,     0,0,0,0,0,0,0,0,0,0,0,0,0,0,0,0,0,0,0,0,1,0,0,0,0,1,0,0,1,0,0,0,0
 112,    111000,     3,     8,    -7,     0,   327,   792, -1157,    -3,0,0,0,0,0,0,0,0,0,0,0,0,0,0,0,0,0,0,0,1,0,0,0,0,1,0,0,1,0,0,0,0
 113,    112000,     0,     9,    -5,     0,   -28,  1017, -1031,    -2,0,0,0,0,0,0,0,0,0,0,0,0,0,0,0,0,0,0,0,1,0,0,0,0,1,0,0,1,0,0,0,0
 114,    113000,    -1,     8,    -3,     0,  -386,  1143,  -804,     0,0,0,0,0,0,0,0,0,0,0,0,0,0,0,0,0,0,0,0,1,0,0,0,0,1,0,0,1,0,0,0,0
 115,    114000,    -4,     6,     0,     0,  -710,  1157,  -497,     4,0,0,0,0,0,0,0,0,0,0,0,0,0,0,0,0,0,0,0,1,0,0,0,0,1,0,0,1,0,0,0,0
 116,    115000,    -6,     4,     1,     0,  -963,  1050,  -146,     2,0,0,0,0,0,0,0,0,0,0,0,0,0,0,0,0,0,0,0,1,0,0,0,0,1,0,0,1,0,0,0,0
 117,    116000,    -8,     1,     5,     0, -1135,   866,   214,    -1,0,0,0,0,0,0,0,0,0,0,0,0,0,0,0,0,0,0,0,1,0,0,0,0,1,0,0,1,0,0,0,0
 118,    117000,    -9,     0,     7,     0, -1181,   572,   551,    -6,0,0,0,0,0,0,0,0,0,0,0,0,0,0,0,0,0,0,0,1,0,0,0,0,1,0,0,1,0,0,0,0
 119,    118000,    -8,    -3,     8,     0, -1120,   224,   838,    -7,0,0,0,0,0,0,0,0,0,0,0,0,0,0,0,0,0,0,0,1,0,0,0,0,1,0,0,1,0,0,0,0
 120,    119000,    -7,    -6,     9,     0,  -950,  -139,  1049,    -3,0,0,0,0,0,0,0,0,0,0,0,0,0,0,0,0,0,0,0,1,0,0,0,0,1,0,0,1,0,0,0,0
 121,    120000,    -6,    -6,     9,     0,  -675,  -494,  1151,     0,0,0,0,0,0,0,0,0,0,0,0,0,0,0,0,0,0,0,0,1,0,0,0,0,1,0,0,1,0,0,0,0
 122,    121000,    -3,    -7,     7,     0,  -341,  -795,  1140,     6,0,0,0,0,0,0,0,0,0,0,0,0,0,0,0,0,0,0,0,1,0,0,0,0,1,0,0,1,0,0,0,0
 123,    122000,    -1,    -8,     5,     0,    28, -1029,  1013,     3,0,0,0,0,0,0,0,0,0,0,0,0,0,0,0,0,0,0,0,1,0,0,0,0,1,0,0,1,0,0,0,0
 124,    123000,     1,    -7,     3,     0,   383, -1161,   792,     0,0,0,0,0,0,0,0,0,0,0,0,0,0,0,0,0,0,0,0,1,0,0,0,0,1,0,0,1,0,0,0,0
 125,    124000,     5,    -5,     0,     0,   694, -1173,   493,     0,0,0,0,0,0,0,0,0,0,0,0,0,0,0,0,0,0,0,0,1,0,0,0,0,1,0,0,1,0,0,0,0
 126,    125000,     6,    -4,    -1,     0,   950, -1064,   128,     1,0,0,0,0,0,0,0,0,0,0,0,0,0,0,0,0,0,0,0,1,0,0,0,0,1,0,0,1,0,0,0,0
 127,    126000,     8,    -1,    -4,     0,  1136,  -865,  -233,     5,0,0,0,0,0,0,0,0,0,0,0,0,0,0,0,0,0,0,0,1,0,0,0,0,1,0,0,1,0,0,0,0
 128,    127000,     9,     0,    -6,     0,  1170,  -581,  -569,     8,0,0,0,0,0,0,0,0,0,0,0,0,0,0,0,0,0,0,0,1,0,0,0,0,1,0,0,1,0,0,0,0
 129,    128000,     8,     3,    -7,     0,  1102,  -231,  -856,    10,0,0,0,0,0,0,0,0,0,0,0,0,0,0,0,0,0,0,0,1,0,0,0,0,1,0,0,1,0,0,0,0
 130,    129000,     7,     6,    -9,     0,   933,   139, -1066,     8,0,0,0,0,0,0,0,0,0,0,0,0,0,0,0,0,0,0,0,1,0,0,0,0,1,0,0,1,0,0,0,0
 131,    130000,     7,     6,    -9,     0,   657,   481, -1168,     0,0,0,0,0,0,0,0,0,0,0,0,0,0,0,0,0,0,0,0,1,0,0,0,0,1,0,0,1,0,0,0,0
 132,    131000,     3,     8,    -7,     0,   323,   795, -1156,    -3,0,0,0,0,0,0,0,0,0,0,0,0,0,0,0,0,0,0,0,1,0,0,0,0,1,0,0,1,0,0,0,0
 133,    132000,     0,     9,    -5,     0,   -33,  1019, -1029,    -2,0,0,0,0,0,0,0,0,0,0,0,0,0,0,0,0,0,0,0,1,0,0,0,0,1,0,0,1,0,0,0,0
 134,    133000,    -1,     8,    -3,     0,  -391,  1144,  -800,     0,0,0,0,0,0,0,0,0,0,0,0,0,0,0,0,0,0,0,0,1,0,0,0,0,1,0,0,1,0,0,0,0
 135,    134000,    -4,     6,     0,     0,  -713,  1157,  -493,     4,0,0,0,0,0,0,0,0,0,0,0,0,0,0,0,0,0,0,0,1,0,0,0,0,1,0,0,1,0,0,0,0
 136,    135000,    -6,     4,     1,     0,  -966,  1048,  -142,     2,0,0,0,0,0,0,0,0,0,0,0,0,0,0,0,0,0,0,0,1,0,0,0,0,1,0,0,1,0,0,0,0
 137,    136000,    -8,     1,     5,     0, -1137,   863,   218,    -1,0,0,0,0,0,0,0,0,0,0,0,0,0,0,0,0,0,0,0,1,0,0,0,0,1,0,0,1,0,0,0,0
 138,    137000,    -9,     0,     7,     0, -1181,   568,   554,    -6,0,0,0,0,0,0,0,0,0,0,0,0,0,0,0,0,0,0,0,1,0,0,0,0,1,0,0,1,0,0,0,0
 139,    138000,    -8,    -3,     8,     0, -1119,   220,   841,    -7,0,0,0,0,0,0,0,0,0,0,0,0,0,0,0,0,0,0,0,1,0,0,0,0,1,0,0,1,0,0,0,0
 140,    139000,    -7,    -6,     9,     0,  -948,  -143,  1050,    -3,0,0,0,0,0,0,0,0,0,0,0,0,0,0,0,0,0,0,0,1,0,0,0,0,1,0,0,1,0,0,0,0
 141,    140000,    -6,    -6,     9,     0,  -672,  -498,  1152,     0,0,0,0,0,0,0,0,0,0,0,0,0,0,0,0,0,0,0,0,1,0,0,0,0,1,0,0,1,0,0,0,0
 142,    141000,    -3,    -7,     7,     0,  -338,  -798,  1140,     6,0,0,0,0,0,0,0,0,0,0,0,0,0,0,0,0,0,0,0,1,0,0,0,0,1,0,0,1,0,0,0,0
 143,    142000,    -1,    -8,     5,     0,    31, -1030,  1011,     3,0,0,0,0,0,0,0,0,0,0,0,0,0,0,0,0,0,0,0,1,0,0,0,0,1,0,0,1,0,0,0,0
 144,    143000,     1,    -7,     3,     0,   386, -1162,   790,     0,0,0,0,0,0,0,0,0,0,0,0,0,0,0,0,0,0,0,0,1,0,0,0,0,1,0,0,1,0,0,0,0
 145,    144000,     5,    -5,     0,     0,   697, -1173,   490,     0,0,0,0,0,0,0,0,0,0,0,0,0,0,0,0,0,0,0,0,1,0,0,0,0,1,0,0,1,0,0,0,0
 146,    145000,     6,    -4,    -1,     0,   952, -1063,   125,     1,0,0,0,0,0,0,0,0,0,0,0,0,0,0,0,0,0,0,0,1,0,0,0,0,1,0,0,1,0,0,0,0
 147,    146000,     8,    -1,    -4,     0,  1137,  -863,  -236,     5,0,0,0,0,0,0,0,0,0,0,0,0,0,0,0,0,0,0,0,1,0,0,0,0,1,0,0,1,0,0,0,0
 148,    147000,     9,     0,    -6,     0,  1170,  -578,  -572,     9,0,0,0,0,0,0,0,0,0,0,0,0,0,0,0,0,0,0,0,1,0,0,0,0,1,0,0,1,0,0,0,0
 149,    148000,     8,     3,    -7,     0,  1101,  -227,  -858,    10,0,0,0,0,0,0,0,0,0,0,0,0,0,0,0,0,0,0,0,1,0,0,0,0,1,0,0,1,0,0,0,0
 150,    149000,     7,     6,    -9,     0,   931,   142, -1067,     8,0,0,0,0,0,0,0,0,0,0,0,0,0,0,0,0,0,0,0,1,0,0,0,0,1,0,0,1,0,0,0,0
 151,    150000,     7,     6,    -9,     0,   654,   484, -1168,     0,0,0,0,0,0,0,0,0,0,0,0,0,0,0,0,0,0,0,0,1,0,0,0,0,1,0,0,1,0,0,0,0
 152,    151000,     3,     8,    -7,     0,   319,   798, -1155,    -3,0,0,0,0,0,0,0,0,0,0,0,0,0,0,0,0,0,0,0,1,0,0,0,0,1,0,0,1,0,0,0,0
 153,    152000,     0,     9,    -5,     0,   -37,  1021, -1027,    -2,0,0,0,0,0,0,0,0,0,0,0,0,0,0,0,0,0,0,0,1,0,0,0,0,1,0,0,1,0,0,0,0
 154,    153000,    -1,     8,    -3,     0,  -395,  1145,  -797,     1,0,0,0,0,0,0,0,0,0,0,0,0,0,0,0,0,0,0,0,1,0,0,0,0,1,0,0,1,0,0,0,0
 155,    154000,    -4,     6,     0,     0,  -717,  1156,  -489,     4,0,0,0,0,0,0,0,0,0,0,0,0,0,0,0,0,0,0,0,1,0,0,0,0,1,0,0,1,0,0,0,0
 156,    155000,    -6,     4,     1,     0,  -968,  1046,  -138,     2,0,0,0,0,0,0,0,0,0,0,0,0,0,0,0,0,0,0,0,1,0,0,0,0,1,0,0,1,0,0,0,0
 157,    156000,    -8,     1,     5,     0, -1138,   860,   223,    -1,0,0,0,0,0,0,0,0,0,0,0,0,0,0,0,0,0,0,0,1,0,0,0,0,1,0,0,1,0,0,0,0
 158,    157000,    -9,     0,     7,     0, -1181,   564,   558,    -6,0,0,0,0,0,0,0,0,0,0,0,0,0,0,0,0,0,0,0,1,0,0,0,0,1,0,0,1,0,0,0,0
 159,    158000,    -8,    -3,     8,     0, -1117,   215,   844,    -7,0,0,0,0,0,0,0,0,0,0,0,0,0,0,0,0,0,0,0,1,0,0,0,0,1,0,0,1,0,0,0,0
 160,    159000,    -7,    -6,     9,     0,  -945,  -148,  1052,    -3,0,0,0,0,0,0,0,0,0,0,0,0,0,0,0,0,0,0,0,1,0,0,0,0,1,0,0,1,0,0,0,0
 161,    160000,    -6,    -6,     9,     0,  -668,  -502,  1152,     0,0,0,0,0,0,0,0,0,0,0,0,0,0,0,0,0,0,0,0,1,0,0,0,0,1,0,0,1,0,0,0,0
 162,    161000,    -2,    -7,     7,     0,  -333,  -801,  1139,     6,0,0,0,0,0,0,0,0,0,0,0,0,0,0,0,0,0,0,0,1,0,0,0,0,1,0,0,1,0,0,0,0
 163,    162000,    -1,    -8,     5,     0,    37, -1033,  1008,     3,0,0,0,0,0,0,0,0,0,0,0,0,0,0,0,0,0,0,0,1,0,0,0,0,1,0,0,1,0,0,0,0
 164,    163000,     1,    -7,     2,     0,   391, -1163,   786,     0,0,0,0,0,0,0,0,0,0,0,0,0,0,0,0,0,0,0,0,1,0,0,0,0,1,0,0,1,0,0,0,0
 165,    164000,     5,    -5,     0,     0,   701, -1172,   485,     0,0,0,0,0,0,0,0,0,0,0,0,0,0,0,0,0,0,0,0,1,0,0,0,0,1,0,0,1,0,0,0,0
 166,    165000,     6,    -4,    -1,     0,   955, -1060,   119,     1,0,0,0,0,0,0,0,0,0,0,0,0,0,0,0,0,0,0,0,1,0,0,0,0,1,0,0,1,0,0,0,0
 167,    166000,     8,    -1,    -4,     0,  1139,  -859,  -242,     5,0,0,0,0,0,0,0,0,0,0,0,0,0,0,0,0,0,0,0,1,0,0,0,0,1,0,0,1,0,0,0,0
 168,    167000,     9,     1,    -6,     0,  1169,  -573,  -577,     9,0,0,0,0,0,0,0,0,0,0,0,0,0,0,0,0,0,0,0,1,0,0,0,0,1,0,0,1,0,0,0,0
 169,    168000,     8,     3,    -7,     0,  1099,  -216,  -872,     8,0,0,0,0,0,0,0,0,0,0,0,0,0,0,0,0,0,0,0,1,0,0,0,0,1,0,0,1,0,0,0,0
 170,    169000,     7,     6,    -9,     0,   930,   129, -1039,    16,0,0,0,0,0,0,0,0,0,0,0,0,0,0,0,0,0,0,0,1,0,0,0,0,1,0,0,1,0,0,0,0
 171,    170000,     7,     6,   -18,    -6,   643,   387,  -973,    56,0,0,0,0,0,0,0,0,0,0,0,0,0,0,0,0,0,0,0,1,0,0,0,0,1,0,0,1,0,0,0,0
 172,    171000,     2,     7,   -34,   -14,   223,   633,  -833,    51,0,0,0,0,0,0,0,0,0,0,0,0,0,0,0,0,0,0,0,1,0,0,0,0,1,0,0,1,0,0,0,0
 173,    172000,     6,    13,   -49,   -22,  -144,   850,  -682,    40,0,0,0,0,0,0,0,0,0,0,0,0,0,0,0,0,0,0,0,1,0,0,0,0,1,0,0,1,0,0,0,0
 174,    173000,    10,    20,   -60,   -29,  -484,  1019,  -524,    28,0,0,0,0,0,0,0,0,0,0,0,0,0,0,0,0,0,0,0,1,0,0,0,0,1,0,0,1,0,0,0,0
 175,    174000,     9,    22,   -66,   -34,  -768,  1096,  -343,    13,0,0,0,0,0,0,0,0,0,0,0,0,0,0,0,0,0,0,0,1,0,0,0,0,1,0,0,1,0,0,0,0
 176,    175000,     8,    22,   -64,   -35,  -966,  1048,  -120,    -6,0,0,0,0,0,0,0,0,0,0,0,0,0,0,0,0,0,0,0,1,0,0,0,0,1,0,0,1,0,0,0,0
 177,    176000,     4,    20,   -56,   -32, -1096,   911,   125,   -29,0,0,0,0,0,0,0,0,0,0,0,0,0,0,0,0,0,0,0,1,0,0,0,0,1,0,0,1,0,0,0,0
 178,    177000,     2,    15,   -42,   -25, -1098,   677,   342,   -49,0,0,0,0,0,0,0,0,0,0,0,0,0,0,0,0,0,0,0,1,0,0,0,0,1,0,0,1,0,0,0,0
 179,    178000,     0,     9,   -23,   -14,  -992,   380,   526,   -62,0,0,0,0,0,0,0,0,0,0,0,0,0,0,0,0,0,0,0,1,0,0,0,0,1,0,0,1,0,0,0,0
 180,    179000,    -2,     4,    -1,    -3,  -793,    45,   664,   -63,0,0,0,0,0,0,0,0,0,0,0,0,0,0,0,0,0,0,0,1,0,0,0,0,1,0,0,1,0,0,0,0
 181,    180000,    -4,    -2,    19,     5,  -519,  -300,   737,   -59,0,0,0,0,0,0,0,0,0,0,0,0,0,0,0,0,0,0,0,1,0,0,0,0,1,0,0,1,0,0,0,0
 182,    181000,    -8,    -8,    39,    18,  -196,  -610,   743,   -53,0,0,0,0,0,0,0,0,0,0,0,0,0,0,0,0,0,0,0,1,0,0,0,0,1,0,0,1,0,0,0,0
 183,    182000,   -10,   -15,    54,    27,   125,  -873,   682,   -42,0,0,0,0,0,0,0,0,0,0,0,0,0,0,0,0,0,0,0,1,0,0,0,0,1,0,0,1,0,0,0,0
 184,    183000,   -11,   -20,    65,    32,   443, -1056,   553,   -29,0,0,0,0,0,0,0,0,0,0,0,0,0,0,0,0,0,0,0,1,0,0,0,0,1,0,0,1,0,0,0,0
 185,    184000,   -10,   -23,    73,    38,   725, -1129,   362,   -13,0,0,0,0,0,0,0,0,0,0,0,0,0,0,0,0,0,0,0,1,0,0,0,0,1,0,0,1,0,0,0,0
 186,    185000,   -10,   -24,    71,    40,   936, -1080,   126,    10,0,0,0,0,0,0,0,0,0,0,0,0,0,0,0,0,0,0,0,1,0,0,0,0,1,0,0,1,0,0,0,0
 187,    186000,    -6,   -21,    63,    37,  1064,  -942,  -112,    31,0,0,0,0,0,0,0,0,0,0,0,0,0,0,0,0,0,0,0,1,0,0,0,0,1,0,0,1,0,0,0,0
 188,    187000,    -3,   -16,    48,    30,  1077,  -708,  -332,    51,0,0,0,0,0,0,0,0,0,0,0,0,0,0,0,0,0,0,0,1,0,0,0,0,1,0,0,1,0,0,0,0
 189,    188000,     0,   -10,    28,    19,   984,  -402,  -523,    64,0,0,0,0,0,0,0,0,0,0,0,0,0,0,0,0,0,0,0,1,0,0,0,0,1,0,0,1,0,0,0,0
 190,    189000,     3,    -3,     5,     8,   792,   -57,  -667,    70,0,0,0,0,0,0,0,0,0,0,0,0,0,0,0,0,0,0,0,1,0,0,0,0,1,0,0,1,0,0,0,0
 191,    190000,     5,     3,   -17,    -5,   518,   286,  -745,    69,0,0,0,0,0,0,0,0,0,0,0,0,0,0,0,0,0,0,0,1,0,0,0,0,1,0,0,1,0,0,0,0
 192,    191000,     9,     9,   -35,   -14,   210,   597,  -752,    59,0,0,0,0,0,0,0,0,0,0,0,0,0,0,0,0,0,0,0,1,0,0,0,0,1,0,0,1,0,0,0,0
 193,    192000,    10,    15,   -49,   -22,  -146,   847,  -678,    46,0,0,0,0,0,0,0,0,0,0,0,0,0,0,0,0,0,0,0,1,0,0,0,0,1,0,0,1,0,0,0,0
 194,    193000,    10,    20,   -60,   -29,  -490,  1023,  -545,    32,0,0,0,0,0,0,0,0,0,0,0,0,0,0,0,0,0,0,0,1,0,0,0,0,1,0,0,1,0,0,0,0
 195,    194000,     9,    22,   -66,   -34,  -771,  1100,  -364,    14,0,0,0,0,0,0,0,0,0,0,0,0,0,0,0,0,0,0,0,1,0,0,0,0,1,0,0,1,0,0,0,0
 196,    195000,     8,    22,   -64,   -35,  -969,  1063,  -141,    -4,0,0,0,0,0,0,0,0,0,0,0,0,0,0,0,0,0,0,0,1,0,0,0,0,1,0,0,1,0,0,0,0
 197,    196000,     4,    20,   -56,   -32, -1097,   924,    97,   -25,0,0,0,0,0,0,0,0,0,0,0,0,0,0,0,0,0,0,0,1,0,0,0,0,1,0,0,1,0,0,0,0
 198,    197000,     2,    15,   -41,   -25, -1098,   702,   317,   -46,0,0,0,0,0,0,0,0,0,0,0,0,0,0,0,0,0,0,0,1,0,0,0,0,1,0,0,1,0,0,0,0
 199,    198000,     0,     9,   -22,   -14,  -989,   400,   512,   -61,0,0,1,0,0,0,0,0,0,0,0,0,0,0,0,0,0,0,0,1,0,0,0,0,1,0,0,1,0,0,0,0
 200,    199000,    -2,     4,     0,    -3,  -789,    54,   660,   -66,0,0,1,0,0,0,0,0,0,0,0,0,0,0,0,0,0,0,0,1,0,0,0,0,1,0,0,1,0,0,0,0
 201,    200000,    -4,    -2,    20,     5,  -515,  -289,   738,   -62,0,0,1,0,0,1,1,0,0,0,0,1,0,0,0,0,0,0,0,1,0,0,0,0,1,0,0,1,0,0,0,0
 202,    201000,    -9,    -8,    39,    18,  -191,  -599,   743,   -53,0,0,1,0,0,1,1,0,0,0,0,1,0,0,0,0,0,0,0,1,0,0,0,0,1,0,0,1,0,0,0,0
 203,    202000,   -10,   -15,    54,    27,   130,  -848,   669,   -41,0,0,1,0,0,1,1,0,0,0,0,1,0,0,0,0,0,0,0,1,0,0,0,0,1,0,0,1,0,0,0,0
 204,    203000,   -11,   -20,    65,    32,   448, -1031,   536,   -28,0,0,1,0,0,1,1,0,0,0,0,1,0,0,0,0,0,0,0,1,0,0,0,0,1,0,0,1,0,0,0,0
 205,    204000,   -10,   -23,    73,    38,   729, -1118,   354,   -12,0,0,1,0,0,1,1,0,0,0,0,1,0,0,0,0,0,0,0,1,0,0,0,0,1,0,0,1,0,0,0,0
 206,    205000,   -10,   -24,    71,    40,   939, -1079,   131,     9,0,0,1,0,0,1,1,0,0,0,0,1,0,0,0,0,0,0,0,1,0,0,0,0,1,0,0,1,0,0,0,0
 207,    206000,    -6,   -21,    63,    37,  1066,  -939,  -100,    30,0,0,1,0,0,1,1,0,0,0,0,1,0,0,0,0,0,0,0,1,0,0,0,0,1,0,0,1,0,0,0,0
 208,    207000,    -3,   -16,    48,    30,  1076,  -703,  -325,    49,0,0,1,0,0,1,1,0,0,0,0,1,0,0,0,0,0,0,0,1,0,0,0,0,1,0,0,1,0,0,0,0
 209,    208000,     0,   -10,    28,    19,   982,  -405,  -518,    63,0,0,1,0,0,1,1,0,0,0,0,1,0,0,0,0,0,0,0,1,0,0,0,0,1,0,0,1,0,0,0,0
 210,    209000,     3,    -2,     5,     8,   788,   -64,  -662,    70,0,0,1,0,0,1,1,0,0,0,0,1,0,0,0,0,0,0,0,1,0,0,0,0,1,0,0,1,0,0,0,0
 211,    210000,     5,     3,   -18,    -5,   514,   292,  -746,    68,0,0,1,0,0,1,1,0,0,0,0,1,0,0,0,0,0,0,0,1,0,0,0,0,1,0,0,1,0,0,0,0
 212,    211000,     9,     9,   -35,   -14,   205,   601,  -751,    58,0,0,1,0,0,1,1,0,0,0,0,1,0,0,0,0,0,0,0,1,0,0,0,0,1,0,0,1,0,0,0,0
 213,    212000,    10,    16,   -49,   -22,  -152,   851,  -676,    46,0,0,1,0,0,1,1,0,0,0,0,1,0,0,0,0,0,0,0,1,0,0,0,0,1,0,0,1,0,0,0,0
 214,    213000,    10,    20,   -60,   -29,  -495,  1025,  -543,    31,0,0,1,0,0,1,1,0,0,0,0,1,0,0,0,0,0,0,0,1,0,0,0,0,1,0,0,1,0,0,0,0
 215,    214000,     9,    22,   -66,   -34,  -775,  1101,  -361,    14,0,0,1,0,0,1,1,0,0,0,0,1,0,0,0,0,0,0,0,1,0,0,0,0,1,0,0,1,0,0,0,0
 216,    215000,     8,    22,   -64,   -35,  -971,  1062,  -137,    -5,0,0,1,0,0,1,1,0,0,0,0,1,0,0,0,0,0,0,0,1,0,0,0,0,1,0,0,1,0,0,0,0
 217,    216000,     4,    20,   -55,   -32, -1099,   921,   101,   -26,0,0,1,0,0,1,1,0,0,0,0,1,0,0,0,0,0,0,0,1,0,0,0,0,1,0,0,1,0,0,0,0
 218,    217000,     2,    15,   -41,   -25, -1097,   697,   321,   -46,0,0,1,0,0,1,1,0,0,0,0,1,0,0,0,0,0,0,0,1,0,0,0,0,1,0,0,1,0,0,0,0
 219,    218000,     0,     9,   -22,   -14,  -987,   394,   514,   -61,0,0,1,0,0,1,1,0,0,0,0,1,0,0,0,0,0,0,0,1,0,0,0,0,1,0,0,1,0,0,0,0
 220,    219000,    -2,     3,     0,    -3,  -785,    48,   662,   -66,0,0,1,0,0,1,1,0,0,0,0,1,0,0,0,0,0,0,0,1,0,0,0,0,1,0,0,1,0,0,0,0
 221,    220000,    -4,    -2,    20,     6,  -510,  -294,   738,   -62,0,0,1,0,0,1,1,0,0,0,0,1,0,0,0,0,0,0,0,1,0,0,0,0,1,0,0,1,0,0,0,0
 222,    221000,    -9,    -8,    39,    18,  -186,  -603,   743,   -53,0,0,1,0,0,1,1,0,0,0,0,1,0,0,0,0,0,0,0,1,0,0,0,0,1,0,0,1,0,0,0,0
 223,    222000,   -10,   -15,    54,    27,   135,  -851,   667,   -41,0,0,1,0,0,1,1,0,0,0,0,1,0,0,0,0,0,0,0,1,0,0,0,0,1,0,0,1,0,0,0,0
 224,    223000,   -11,   -20,    66,    32,   453, -1034,   534,   -28,0,0,1,0,0,1,1,0,0,0,0,1,0,0,0,0,0,0,0,1,0,0,0,0,1,0,0,1,0,0,0,0
 225,    224000,   -10,   -23,    73,    38,   733, -1118,   351,   -11,0,0,1,0,0,1,1,0,0,0,0,1,0,0,0,0,0,0,0,1,0,0,0,0,1,0,0,1,0,0,0,0
 226,    225000,   -10,   -24,    71,    40,   942, -1077,   127,     9,0,0,1,0,0,1,1,0,0,0,0,1,0,0,0,0,0,0,0,1,0,0,0,0,1,0,0,1,0,0,0,0
 227,    226000,    -6,   -21,    62,    37,  1067,  -936,  -103,    30,0,0,1,0,0,1,1,0,0,0,0,1,0,0,0,0,0,0,0,1,0,0,0,0,1,0,0,1,0,0,0,0
 228,    227000,    -3,   -16,    47,    30,  1076,  -698,  -328,    49,0,0,1,0,0,1,1,0,0,0,0,1,0,0,0,0,0,0,0,1,0,0,0,0,1,0,0,1,0,0,0,0
 229,    228000,     0,   -10,    28,    19,   979,  -400,  -520,    63,0,0,1,0,0,1,1,0,0,0,0,1,0,0,0,0,0,0,0,1,0,0,0,0,1,0,0,1,0,0,0,0
 230,    229000,     3,    -2,     5,     8,   784,   -59,  -664,    70,0,0,1,0,0,1,1,0,0,0,0,1,0,0,0,0,0,0,0,1,0,0,0,0,1,0,0,1,0,0,0,0
 231,    230000,     5,     3,   -18,    -5,   509,   297,  -747,    68,0,0,1,0,0,1,1,0,0,0,0,1,0,0,0,0,0,0,0,1,0,0,0,0,1,0,0,1,0,0,0,0
 232,    231000,     9,    10,   -35,   -14,   200,   606,  -751,    58,0,0,1,0,0,1,1,0,0,0,0,1,0,0,0,0,0,0,0,1,0,0,0,0,1,0,0,1,0,0,0,0
 233,    232000,    10,    16,   -49,   -22,  -158,   854,  -675,    46,0,0,1,0,0,1,1,0,0,0,0,1,0,0,0,0,0,0,0,1,0,0,0,0,1,0,0,1,0,0,0,0
 234,    233000,    10,    20,   -60,   -29,  -500,  1027,  -540,    31,0,0,1,0,0,1,1,0,0,0,0,1,0,0,0,0,0,0,0,1,0,0,0,0,1,0,0,1,0,0,0,0
 235,    234000,     9,    22,   -66,   -34,  -779,  1101,  -358,    13,0,0,1,0,0,1,1,0,0,0,0,1,0,0,0,0,0,0,0,1,0,0,0,0,1,0,0,1,0,0,0,0
 236,    235000,     8,    22,   -64,   -35,  -974,  1060,  -133,    -5,0,0,1,0,0,1,1,0,0,0,0,1,0,0,0,0,0,0,0,1,0,0,0,0,1,0,0,1,0,0,0,0
 237,    236000,     4,    20,   -55,   -32, -1100,   918,   105,   -26,0,0,1,0,0,1,1,0,0,0,0,1,0,0,0,0,0,0,0,1,0,0,0,0,1,0,0,1,0,0,0,0
 238,    237000,     2,    15,   -41,   -24, -1096,   693,   324,   -47,0,0,1,0,0,1,1,0,0,0,0,1,0,0,0,0,0,0,0,1,0,0,0,0,1,0,0,1,0,0,0,0
 239,    238000,     0,     9,   -22,   -14,  -984,   389,   517,   -61,0,0,1,0,0,0,0,0,0,0,0,0,0,0,0,0,0,0,0,1,0,0,0,0,1,0,0,1,0,0,0,0
 240,    239000,    -2,     3,     0,    -3,  -781,    43,   664,   -66,0,0,1,0,0,0,0,0,0,0,0,0,0,0,0,0,0,0,0,1,0,0,0,0,1,0,0,1,0,0,0,0
 241,    240000,    -4,    -2,    20,     6,  -505,  -299,   739,   -62,0,0,1,0,0,0,0,0,0,0,0,0,0,0,0,0,0,0,0,1,0,0,0,0,1,0,0,1,0,0,0,0
 242,    241000,    -9,    -8,    39,    19,  -180,  -608,   742,   -53,0,0,1,0,0,0,0,0,0,0,0,0,0,0,0,0,0,0,0,1,0,0,0,0,1,0,0,1,0,0,0,0
 243,    242000,   -10,   -15,    54,    27,   140,  -855,   666,   -41,0,0,1,0,0,0,0,0,0,0,0,0,0,0,0,0,0,0,0,1,0,0,0,0,1,0,0,1,0,0,0,0
 244,    243000,   -11,   -20,    66,    33,   458, -1036,   531,   -27,0,0,1,0,0,0,0,0,0,0,0,0,0,0,0,0,0,0,0,1,0,0,0,0,1,0,0,1,0,0,0,0
 245,    244000,   -10,   -23,    73,    38,   736, -1118,   348,   -11,0,0,1,0,0,0,0,0,0,0,0,0,0,0,0,0,0,0,0,1,0,0,0,0,1,0,0,1,0,0,0,0
 246,    245000,   -10,   -24,    71,    40,   944, -1076,   124,     9,0,0,1,0,0,0,0,0,0,0,0,0,0,0,0,0,0,0,0,1,0,0,0,0,1,0,0,1,0,0,0,0
 247,    246000,    -5,   -21,    62,    37,  1068,  -933,  -107,    31,0,0,1,0,0,0,0,0,0,0,0,0,0,0,0,0,0,0,0,1,0,0,0,0,1,0,0,1,0,0,0,0
 248,    247000,    -3,   -16,    47,    29,  1075,  -694,  -336,    36,0,0,1,0,0,0,0,0,0,0,0,0,0,0,0,0,0,0,0,1,0,0,0,0,1,0,0,1,0,0,0,0
 249,    248000,     0,    -9,    26,    18,   977,  -394,  -499,    81,0,0,1,0,0,0,0,0,0,0,0,0,0,0,0,0,0,0,0,1,0,0,0,0,1,0,0,1,0,0,0,0
 250,    249000,     3,    -3,     6,     8,   780,   -53,  -577,   160,0,0,1,0,0,0,0,0,0,0,0,0,0,0,0,0,0,0,0,1,0,0,0,0,1,0,0,1,0,0,0,0
 251,    250000,     6,    -3,     3,     8,   505,   303,  -592,   219,0,0,1,0,0,0,0,0,0,0,0,0,0,0,0,0,0,0,0,1,0,0,0,0,1,0,0,1,0,0,0,0
 252,    251000,     2,     0,     0,     5,   194,   610,  -589,   220,0,0,1,0,0,0,0,0,0,0,0,0,0,0,0,0,0,0,0,1,0,0,0,0,1,0,0,1,0,0,0,0
 253,    252000,     0,     3,     0,     4,  -164,   858,  -531,   188,0,0,1,0,0,0,0,0,0,0,0,0,0,0,0,0,0,0,0,1,0,0,0,0,1,0,0,0,0,0,0,0
 254,    253000,    -1,     5,     0,     4,  -505,  1029,  -434,   136,0,0,1,0,0,0,0,0,0,0,0,0,0,0,0,0,0,0,0,1,0,0,0,0,1,0,0,0,0,0,0,0
 255,    254000,    -3,     7,     0,     2,  -782,  1101,  -301,    70,0,0,1,0,0,0,0,0,0,0,0,0,0,0,0,0,0,0,0,1,0,0,0,0,1,0,0,0,0,0,0,0
 256,    255000,    -4,     8,     0,     3,  -977,  1059,  -135,   -11,0,0,1,0,0,0,0,0,0,0,0,0,0,0,0,0,0,0,0,1,0,0,0,0,1,0,0,0,0,0,0,0
 257,    256000,    -5,     9,     0,     2, -1101,   915,    45,   -89,0,0,1,0,0,0,0,0,0,0,0,0,0,0,0,0,0,0,0,1,0,0,0,0,1,0,0,0,0,0,0,0
 258,    257000,    -6,     9,     0,     1, -1095,   689,   216,  -157,0,0,1,0,0,0,0,0,0,0,0,0,0,0,0,0,0,0,0,1,0,0,0,0,1,0,0,0,0,0,0,0
 259,    258000,    -5,     8,     0,     0,  -982,   383,   365,  -210,0,0,1,0,0,0,0,0,0,0,0,0,0,0,0,0,0,0,0,1,0,0,0,0,1,0,0,0,0,0,0,0
 260,    259000,    -3,     5,     0,     0,  -777,    37,   488,  -237,0,0,1,0,0,0,0,0,0,0,0,0,0,0,0,0,0,0,0,1,0,0,0,0,1,0,0,0,0,0,0,0
 261,    260000,    -3,     4,     0,     0,  -500,  -304,   582,  -231,0,0,1,0,0,0,0,0,0,0,0,0,0,0,0,0,0,0,0,1,0,0,0,0,1,0,0,0,0,0,0,0
 262,    261000,     0,     1,     0,     1,  -175,  -612,   624,  -208,0,0,1,0,0,0,0,0,0,0,0,0,0,0,0,0,0,0,0,1,0,0,0,0,1,0,0,0,0,0,0,0
 263,    262000,     2,     0,     0,     2,   145,  -858,   579,  -172,0,0,1,0,0,0,0,0,0,0,0,0,0,0,0,0,0,0,0,1,0,0,0,0,1,0,0,0,0,0,0,0
 264,    263000,     4,    -1,     0,     2,   463, -1039,   476,  -123,0,0,1,0,0,0,0,0,0,0,0,0,0,0,0,0,0,0,0,1,0,0,0,0,1,0,0,0,0,0,0,0
 265,    264000,     7,    -3,     0,     3,   740, -1118,   323,   -61,0,0,1,0,0,0,0,0,0,0,0,0,0,0,0,0,0,0,0,1,0,0,0,0,1,0,0,0,0,0,0,0
 266,    265000,     9,    -3,     0,     3,   947, -1074,   132,    11,0,0,1,0,0,0,0,0,0,0,0,0,0,0,0,0,0,0,0,1,0,0,0,0,1,0,0,0,0,0,0,0
 267,    266000,    10,    -4,     0,     4,  1069,  -930,   -60,    86,0,0,1,0,0,0,0,0,0,0,0,0,0,0,0,0,0,0,0,1,0,0,0,0,1,0,0,0,0,0,0,0
 268,    267000,    11,    -4,     0,     5,  1074,  -689,  -255,   148,0,0,1,0,0,0,0,0,0,0,0,0,0,0,0,0,0,0,0,1,0,0,0,0,1,0,0,0,0,0,0,0
 269,    268000,     9,    -3,     0,     4,   975,  -389,  -429,   197,0,0,1,0,0,0,0,0,0,0,0,0,0,0,0,0,0,0,0,1,0,0,0,0,1,0,0,0,0,0,0,0
 270,    269000,     7,    -2,     0,     5,   776,   -47,  -558,   225,0,0,1,0,0,0,0,0,0,0,0,0,0,0,0,0,0,0,0,1,0,0,0,0,1,0,0,0,0,0,0,0
 271,    270000,     5,    -3,     0,     7,   500,   308,  -628,   229,0,0,1,0,0,0,0,0,0,0,0,0,0,0,0,0,0,0,0,1,0,0,0,0,1,0,0,0,0,0,0,0
 272,    271000,     2,     0,     0,     5,   189,   615,  -635,   207,0,0,1,0,0,0,0,0,0,0,0,0,0,0,0,0,0,0,0,1,0,0,0,0,1,0,0,0,0,0,0,0
 273,    272000,     0,     3,     0,     4,  -169,   861,  -580,   170,0,0,1,0,0,0,0,0,0,0,0,0,0,0,0,0,0,0,0,1,0,0,0,0,1,0,0,0,0,0,0,0
 274,    273000,    -1,     5,     0,     4,  -510,  1031,  -474,   120,0,0,1,0,0,0,0,0,0,0,0,0,0,0,0,0,0,0,0,1,0,0,0,0,1,0,0,0,0,0,0,0
 275,    274000,    -3,     7,     0,     2,  -786,  1101,  -324,    59,0,0,1,0,0,0,0,0,0,0,0,0,0,0,0,0,0,0,0,1,0,0,0,0,1,0,0,0,0,0,0,0
 276,    275000,    -5,     8,     0,     3,  -980,  1057,  -138,   -12,0,0,1,0,0,0,0,0,0,0,0,0,0,0,0,0,0,0,0,1,0,0,0,0,1,0,0,0,0,0,0,0
 277,    276000,    -5,     9,     0,     2, -1101,   912,    61,   -85,0,0,1,0,0,0,0,0,0,0,0,0,0,0,0,0,0,0,0,1,0,0,0,0,1,0,0,0,0,0,0,0
 278,    277000,    -6,     9,     0,     1, -1094,   685,   251,  -147,0,0,1,0,0,0,0,0,0,0,0,0,0,0,0,0,0,0,0,1,0,0,0,0,1,0,0,0,0,0,0,0
 279,    278000,    -5,     8,     0,     0,  -979,   378,   422,  -194,0,0,1,0,0,0,0,0,0,0,0,0,0,0,0,0,0,0,0,1,0,0,0,0,1,0,0,0,0,0,0,0
 280,    279000,    -3,     5,     0,     0,  -773,    31,   551,  -221,0,0,1,0,0,0,0,0,0,0,0,0,0,0,0,0,0,0,0,1,0,0,0,0,1,0,0,0,0,0,0,0
 281,    280000,    -2,     4,     0,     0,  -495,  -310,   621,  -225,0,0,1,0,0,0,0,0,0,0,0,0,0,0,0,0,0,0,0,1,0,0,0,0,1,0,0,0,0,0,0,0
 282,    281000,     0,     1,     0,     1,  -170,  -617,   635,  -205,0,0,1,0,0,0,0,0,0,0,0,0,0,0,0,0,0,0,0,1,0,0,0,0,1,0,0,0,0,0,0,0
 283,    282000,     2,     0,     0,     2,   150,  -861,   579,  -169,0,0,1,0,0,0,0,0,0,0,0,0,0,0,0,0,0,0,0,1,0,0,0,0,1,0,0,0,0,0,0,0
 284,    283000,     4,    -1,     0,     2,   468, -1041,   473,  -119,0,0,0,0,0,0,0,0,0,0,0,0,0,0,0,0,0,0,0,1,0,0,0,0,1,0,0,0,0,0,0,0
 285,    284000,     7,    -3,     0,     3,   744, -1118,   321,   -56,0,0,0,0,0,0,0,0,0,0,0,0,0,0,0,0,0,0,0,1,0,0,0,0,1,0,0,0,0,0,0,0
 286,    285000,     9,    -3,     0,     3,   950, -1073,   128,    15,0,0,0,0,0,0,0,0,0,0,0,0,0,0,0,0,0,0,0,1,0,0,0,0,1,0,0,0,0,0,0,0
 287,    286000,    10,    -4,     0,     4,  1070,  -927,   -70,    89,0,0,0,0,0,0,0,0,0,0,0,0,0,0,0,0,0,0,0,1,0,0,0,0,1,0,0,0,0,0,0,0
 288,    287000,    11,    -4,     0,     5,  1073,  -685,  -261,   151,0,0,0,0,0,0,0,0,0,0,0,0,0,0,0,1,0,0,0,1,0,0,0,0,1,0,0,0,0,0,0,0
 289,    288000,     9,    -3,     0,     4,   967,  -388,  -414,   195,0,0,0,0,0,0,0,0,0,0,0,0,0,0,0,1,0,0,0,1,0,0,0,0,1,0,0,0,0,0,0,0
 290,    289000,     7,    -2,     0,     5,   798,   -24,  -626,   178,0,0,0,0,0,0,0,0,0,0,0,0,0,0,0,1,0,0,0,1,0,0,0,0,1,0,0,0,0,0,0,0
 291,    290000,     5,    -3,     0,     7,   586,   387,  -920,    76,0,0,0,0,0,0,0,0,0,0,0,0,0,0,0,1,0,0,0,1,0,0,0,0,1,0,0,0,0,0,0,0
 292,    291000,     2,     0,     0,     5,   311,   745, -1036,    30,0,0,0,0,0,0,0,0,0,0,0,0,0,0,0,1,0,0,0,1,0,0,0,0,1,0,0,0,0,0,0,0
 293,    292000,     0,     3,     0,     4,   -19,   997,  -994,     1,0,0,0,0,0,0,0,0,0,0,0,0,0,0,0,1,0,0,0,1,0,0,0,0,1,0,0,0,0,0,0,0
 294,    293000,    -1,     5,     0,     4,  -358,  1139,  -820,   -11,0,0,0,0,0,0,0,0,0,0,0,0,0,0,0,1,0,0,0,1,0,0,0,0,1,0,0,0,0,0,0,0
 295,    294000,    -3,     7,     0,     2,  -672,  1160,  -536,   -16,0,0,0,0,0,0,0,0,0,0,0,0,0,0,0,1,0,0,0,1,0,0,0,0,1,0,0,0,0,0,0,0
 296,    295000,    -5,     8,     0,     3,  -933,  1065,  -178,   -24,0,0,0,0,0,0,0,0,0,0,0,0,0,0,0,1,0,0,0,1,0,0,0,0,1,0,0,0,0,0,0,0
 297,    296000,    -5,     9,     0,     2, -1117,   880,   182,   -34,0,0,0,0,0,0,0,0,0,0,0,0,0,0,0,1,0,0,0,1,0,0,0,0,1,0,0,0,0,0,0,0
 298,    297000,    -6,     9,     0,     1, -1158,   587,   511,   -38,0,0,0,0,0,0,0,0,0,0,0,0,0,0,0,1,0,0,0,1,0,0,0,0,1,0,0,0,0,0,0,0
 299,    298000,    -5,     8,     0,    -1, -1106,   229,   808,   -35,0,0,0,0,0,0,0,0,0,0,0,0,0,0,0,1,0,0,0,1,0,0,0,0,1,0,0,0,0,0,0,0
 300,    299000,    -3,     5,     0,    -7,  -947,  -137,  1027,   -27,0,0,0,0,0,0,0,0,0,0,0,0,0,0,0,1,0,0,0,1,0,0,0,0,1,0,0,0,0,0,0,0
 301,    300000,    -2,     4,     0,    -7,  -685,  -475,  1126,   -16,0,0,0,0,0,0,0,0,0,0,0,0,0,0,0,1,0,0,0,1,0,0,0,0,1,0,0,0,0,0,0,0
 302,    301000,     0,     1,     0,    -8,  -357,  -782,  1112,    -2,0,0,0,0,0,0,0,0,0,0,0,0,0,0,0,1,0,0,0,1,0,0,0,0,1,0,0,0,0,0,0,0
 303,    302000,     2,    -3,     0,    -8,    14, -1017,   994,    11,0,0,0,0,0,0,0,0,0,0,0,0,0,0,0,1,0,0,0,1,0,0,0,0,1,0,0,0,0,0,0,0
 304,    303000,     4,    -8,     0,    -7,   374, -1156,   781,    16,0,0,0,0,0,0,0,0,0,0,0,0,0,0,0,1,0,0,0,1,0,0,0,0,1,0,0,0,0,0,0,0
 305,    304000,     7,    -9,     0,    -5,   685, -1171,   483,    17,0,0,0,0,0,0,0,0,0,0,0,0,0,0,0,1,0,0,0,1,0,0,0,0,1,0,0,0,0,0,0,0
 306,    305000,     9,    -9,     0,    -5,   934, -1063,   127,    24,0,0,0,0,0,0,0,0,0,0,0,0,0,0,0,1,0,0,0,1,0,0,0,0,1,0,0,0,0,0,0,0
 307,    306000,    10,    -9,     0,    -2,  1118,  -879,  -233,    34,0,0,0,0,0,0,0,0,0,0,0,0,0,0,0,1,0,0,0,1,0,0,0,0,1,0,0,0,0,0,0,0
 308,    307000,    11,    -8,     0,     0,  1159,  -584,  -551,    37,0,0,0,0,0,0,0,0,0,0,0,0,0,0,0,1,0,0,0,1,0,0,0,0,1,0,0,0,0,0,0,0
 309,    308000,     9,    -6,     0,     0,  1095,  -235,  -833,    32,0,0,0,0,0,0,0,0,0,0,0,0,0,0,0,1,0,0,0,1,0,0,0,0,1,0,0,0,0,0,0,0
 310,    309000,     7,    -3,     0,     2,   928,   122, -1043,    25,0,0,0,0,0,0,0,0,0,0,0,0,0,0,0,1,0,0,0,1,0,0,0,0,1,0,0,0,0,0,0,0
 311,    310000,     5,    -2,     0,     2,   667,   464, -1142,    17,0,0,0,0,0,0,0,0,0,0,0,0,0,0,0,1,0,0,0,1,0,0,0,0,1,0,0,0,0,0,0,0
 312,    311000,     2,     1,     0,     3,   339,   784, -1127,     4,0,0,0,0,0,0,0,0,0,0,0,0,0,0,0,1,0,0,0,1,0,0,0,0,1,0,0,0,0,0,0,0
 313,    312000,     0,     3,     0,     3,   -33,  1006, -1010,    -9,0,0,0,0,0,0,0,0,0,0,0,0,0,0,0,1,0,0,0,1,0,0,0,0,1,0,0,0,0,0,0,0
 314,    313000,    -1,     5,     0,     2,  -391,  1140,  -787,   -12,0,0,0,0,0,0,0,0,0,0,0,0,0,0,0,1,0,0,0,1,0,0,0,0,1,0,0,0,0,0,0,0
 315,    314000,    -3,     7,     0,     0,  -710,  1154,  -479,   -11,0,0,0,0,0,0,0,0,0,0,0,0,0,0,0,1,0,0,0,1,0,0,0,0,1,0,0,0,0,0,0,0
 316,    315000,    -5,     7,     0,     0,  -966,  1045,  -124,   -19,0,0,0,0,0,0,0,0,0,0,0,0,0,0,0,1,0,0,0,1,0,0,0,0,1,0,0,0,0,0,0,0
 317,    316000,    -5,     7,     0,    -1, -1135,   861,   235,   -29,0,0,0,0,0,0,0,0,0,0,0,0,0,0,0,1,0,0,0,1,0,0,0,0,1,0,0,0,0,0,0,0
 318,    317000,    -6,     6,     0,    -2, -1174,   565,   566,   -33,0,0,0,0,0,0,0,0,0,0,0,0,0,0,0,1,0,0,0,1,0,0,0,0,1,0,0,0,0,0,0,0
 319,    318000,    -5,     4,     0,    -4, -1110,   217,   844,   -28,0,0,0,0,0,0,0,0,0,0,0,0,0,0,0,1,0,0,0,1,0,0,0,0,1,0,0,0,0,0,0,0
 320,    319000,    -3,     1,     0,    -7,  -943,  -146,  1043,   -18,0,0,0,0,0,0,0,0,0,0,0,0,0,0,0,1,0,0,0,1,0,0,0,0,1,0,0,0,0,0,0,0
 321,    320000,    -2,     0,     0,    -7,  -678,  -497,  1143,    -9,0,0,0,0,0,0,0,0,0,0,0,0,0,0,0,1,0,0,0,1,0,0,0,0,1,0,0,0,0,0,0,0
 322,    321000,     0,    -3,     0,    -8,  -336,  -802,  1127,     3,0,0,0,0,0,0,0,0,0,0,0,0,0,0,0,1,0,0,0,1,0,0,0,0,1,0,0,0,0,0,0,0
 323,    322000,     2,    -5,     0,    -8,    22, -1023,   997,    12,0,0,0,0,0,0,0,0,0,0,0,0,0,0,0,1,0,0,0,1,0,0,0,0,1,0,0,0,0,0,0,0
 324,    323000,     4,    -7,     0,    -7,   377, -1156,   767,    15,0,0,0,0,0,0,0,0,0,0,0,0,0,0,0,1,0,0,0,1,0,0,0,0,1,0,0,0,0,0,0,0
 325,    324000,     7,    -9,     0,    -5,   697, -1170,   460,    16,0,0,0,0,0,0,0,0,0,0,0,0,0,0,0,1,0,0,0,1,0,0,0,0,1,0,0,0,0,0,0,0
 326,    325000,     9,    -9,     0,    -5,   952, -1058,   105,    22,0,0,0,0,0,0,0,0,0,0,0,0,0,0,0,1,0,0,0,1,0,0,0,0,1,0,0,0,0,0,0,0
 327,    326000,    10,    -9,     0,    -1,  1120,  -859,  -254,    34,0,0,0,0,0,0,0,0,0,0,0,0,0,0,0,1,0,0,0,1,0,0,0,0,1,0,0,0,0,0,0,0
 328,    327000,    11,    -8,     0,     0,  1158,  -576,  -585,    35,0,0,0,0,0,0,0,0,0,0,0,0,0,0,0,1,0,0,0,1,0,0,0,0,1,0,0,0,0,0,0,0
 329,    328000,     9,    -6,     0,     0,  1093,  -219,  -863,    32,0,0,0,0,0,0,0,0,0,0,0,0,0,0,0,1,0,0,0,1,0,0,0,0,1,0,0,0,0,0,0,0
 330,    329000,     7,    -3,     0,     2,   924,   140, -1056,    25,0,0,0,0,0,0,0,0,0,0,0,0,0,0,0,1,0,0,0,1,0,0,0,0,1,0,0,0,0,0,0,0
 331,    330000,     5,    -1,     0,     2,   661,   469, -1142,    16,0,0,0,0,0,0,0,0,0,0,0,0,0,0,0,1,0,0,0,1,0,0,0,0,1,0,0,0,0,0,0,0
 332,    331000,     2,     1,     0,     3,   332,   789, -1126,     3,0,0,0,0,0,0,0,0,0,0,0,0,0,0,0,1,0,0,0,1,0,0,0,0,1,0,0,0,0,0,0,0
 333,    332000,     0,     3,     0,     3,   -40,  1009, -1007,    -9,0,0,0,0,0,0,0,0,0,0,0,0,0,0,0,1,0,0,0,1,0,0,0,0,1,0,0,0,0,0,0,0
 334,    333000,    -1,     5,     0,     2,  -398,  1141,  -781,   -11,0,0,0,0,0,0,0,0,0,0,0,0,0,0,0,1,0,0,0,1,0,0,0,0,1,0,0,0,0,0,0,0
 335,    334000,    -3,     7,     0,     0,  -716,  1153,  -472,   -11,0,0,0,0,0,0,0,0,0,0,0,0,0,0,0,1,0,0,0,1,0,0,0,0,1,0,0,0,0,0,0,0
 336,    335000,    -5,     7,     0,     0,  -971,  1043,  -117,   -19,0,0,0,0,0,0,0,0,0,0,0,0,0,0,0,1,0,0,0,1,0,0,0,0,1,0,0,0,0,0,0,0
 337,    336000,    -5,     7,     0,    -1, -1137,   856,   243,   -29,0,0,0,0,0,0,0,0,0,0,0,0,0,0,0,1,0,0,0,1,0,0,0,0,1,0,0,0,0,0,0,0
 338,    337000,    -6,     6,     0,    -2, -1174,   558,   573,   -33,0,0,0,0,0,0,0,0,0,0,0,0,0,0,0,1,0,0,0,1,0,0,0,0,1,0,0,0,0,0,0,0
 339,    338000,    -5,     4,     0,    -5, -1108,   210,   849,   -27,0,0,0,0,0,0,0,0,0,0,0,0,0,0,0,1,0,0,0,1,0,0,0,0,1,0,0,0,0,0,0,0
 340,    339000,    -3,     1,     0,    -7,  -938,  -154,  1046,   -18,0,0,0,0,0,0,0,0,0,0,0,0,0,0,0,1,0,0,0,1,0,0,0,0,1,0,0,0,0,0,0,0
 341,    340000,    -2,     0,     0,    -7,  -671,  -505,  1144,    -9,0,0,0,0,0,0,0,0,0,0,0,0,0,0,0,1,0,0,0,1,0,0,0,0,1,0,0,0,0,0,0,0
 342,    341000,     0,    -3,     0,    -8,  -328,  -808,  1126,     3,0,0,0,0,0,0,0,0,0,0,0,0,0,0,0,1,0,0,0,1,0,0,0,0,1,0,0,0,0,0,0,0
 343,    342000,     2,    -5,     0,    -8,    31, -1027,   993,    12,0,0,0,0,0,0,0,0,0,0,0,0,0,0,0,1,0,0,0,1,0,0,0,0,1,0,0,0,0,0,0,0
 344,    343000,     4,    -7,     0,    -7,   386, -1158,   761,    15,0,0,0,0,0,0,0,0,0,0,0,0,0,0,0,1,0,0,0,1,0,0,0,0,1,0,0,0,0,0,0,0
 345,    344000,     7,    -9,     0,    -5,   704, -1169,   452,    16,0,0,0,0,0,0,0,0,0,0,0,0,0,0,0,1,0,0,0,1,0,0,0,0,1,0,0,0,0,0,0,0
 346,    345000,     9,    -9,     0,    -5,   957, -1055,    97,    23,0,0,0,0,0,0,0,0,0,0,0,0,0,0,0,1,0,0,0,1,0,0,0,0,1,0,0,0,0,0,0,0
 347,    346000,    10,    -9,     0,    -1,  1122,  -853,  -263,    34,0,0,0,0,0,0,0,0,0,0,0,0,0,0,0,1,0,0,0,1,0,0,0,0,1,0,0,0,0,0,0,0
 348,    347000,    11,    -8,     0,     0,  1158,  -568,  -593,    36,0,0,0,0,0,0,0,0,0,0,0,0,0,0,0,1,0,0,0,1,0,0,0,0,1,0,0,0,0,0,0,0
 349,    348000,     9,    -6,     0,     0,  1090,  -210,  -869,    27,0,0,0,0,0,0,0,0,0,0,0,0,0,0,0,1,0,0,0,1,0,0,0,0,1,0,0,0,0,0,0,0
 350,    349000,     7,    -3,     0,     2,   918,   148, -1059,    17,0,0,0,0,0,0,0,0,0,0,0,0,0,0,0,1,0,0,0,1,0,0,0,0,1,0,0,0,0,0,0,0
 351,    350000,     5,    -1,     0,     2,   653,   478, -1143,    12,0,0,0,0,0,0,0,0,0,0,0,0,0,0,0,1,0,0,0,1,0,0,0,0,1,0,0,0,0,0,0,0
 352,    351000,     2,     1,     0,     3,   323,   796, -1124,     1,0,0,0,0,0,0,0,0,0,0,0,0,0,0,0,1,0,0,0,1,0,0,0,0,1,0,0,0,0,0,0,0
 353,    352000,     0,     3,     0,     3,   -50,  1014, -1003,    -9,0,0,0,0,0,0,0,0,0,0,0,0,0,0,0,1,0,0,0,1,0,0,0,0,1,0,0,0,0,0,0,0
 354,    353000,    -1,     5,     0,     2,  -408,  1144,  -774,   -12,0,0,0,0,0,0,0,0,0,0,0,0,0,0,0,1,0,0,0,1,0,0,0,0,1,0,0,0,0,0,0,0
 355,    354000,    -3,     7,     0,     0,  -724,  1151,  -463,   -14,0,0,0,0,0,0,0,0,0,0,0,0,0,0,0,1,0,0,0,1,0,0,0,0,1,0,0,0,0,0,0,0
 356,    355000,    -5,     7,     0,     0,  -977,  1039,  -107,   -19,0,0,0,0,0,0,0,0,0,0,0,0,0,0,0,1,0,0,0,1,0,0,0,0,1,0,0,0,0,0,0,0
 357,    356000,    -5,     7,     0,    -1, -1140,   849,   252,   -26,0,0,0,0,0,0,0,0,0,0,0,0,0,0,0,1,0,0,0,1,0,0,0,0,1,0,0,0,0,0,0,0
 358,    357000,    -6,     6,     0,    -3, -1174,   548,   582,   -28,0,0,0,0,0,0,0,0,0,0,0,0,0,0,0,1,0,0,0,1,0,0,0,0,1,0,0,0,0,0,0,0
 359,    358000,    -5,     4,     0,    -5, -1104,   199,   856,   -24,0,0,0,0,0,0,0,0,0,0,0,0,0,0,0,1,0,0,0,1,0,0,0,0,1,0,0,0,0,0,0,0
 360,    359000,    -3,     1,     0,    -7,  -931,  -165,  1051,   -16,0,0,0,0,0,0,0,0,0,0,0,0,0,0,0,1,0,0,0,1,0,0,0,0,1,0,0,0,0,0,0,0
 361,    360000,    -2,     0,     0,    -7,  -661,  -515,  1145,    -7,0,0,0,0,0,0,0,0,0,0,0,0,0,0,0,1,0,0,0,1,0,0,0,0,1,0,0,0,0,0,0,0
 362,    361000,     0,    -3,     0,    -8,  -317,  -816,  1123,     4,0,0,0,0,0,0,0,0,0,0,0,0,0,0,0,1,0,0,0,1,0,0,0,0,1,0,0,0,0,0,0,0
 363,    362000,     2,    -6,     0,    -8,    42, -1032,   987,    13,0,0,0,0,0,0,0,0,0,0,0,0,0,0,0,1,0,0,0,1,0,0,0,0,1,0,0,0,0,0,0,0
 364,    363000,     4,    -8,     0,    -7,   396, -1161,   752,    14,0,0,0,0,0,0,0,0,0,0,0,0,0,0,0,1,0,0,0,1,0,0,0,0,1,0,0,0,0,0,0,0
 365,    364000,     7,    -9,     0,    -5,   713, -1167,   441,    16,0,0,0,0,0,0,0,0,0,0,0,0,0,0,0,1,0,0,0,1,0,0,0,0,1,0,0,0,0,0,0,0
 366,    365000,     9,    -9,     0,    -5,   964, -1049,    85,    24,0,0,0,0,0,0,0,0,0,0,0,0,0,0,0,1,0,0,0,1,0,0,0,0,1,0,0,0,0,0,0,0
 367,    366000,    10,    -9,     0,    -1,  1125,  -845,  -274,    29,0,0,0,0,0,0,0,0,0,0,0,0,0,0,0,1,0,0,0,1,0,0,0,0,1,0,0,0,0,0,0,0
 368,    367000,    11,    -8,     0,     0,  1157,  -558,  -603,    33,0,0,0,0,0,0,0,0,0,0,0,0,0,0,0,1,0,0,0,1,0,0,0,0,1,0,0,0,0,0,0,0
 369,    368000,     9,    -6,     0,     0,  1086,  -197,  -877,    26,0,0,0,0,0,0,0,0,0,0,0,0,0,0,0,1,0,0,0,1,0,0,0,0,1,0,0,0,0,0,0,0
 370,    369000,     7,    -3,     0,     2,   910,   159, -1064,    17,0,0,0,0,0,0,0,0,0,0,0,0,0,0,0,1,0,0,0,1,0,0,0,0,1,0,0,0,0,0,0,0
 371,    370000,     5,    -1,     0,     2,   644,   488, -1144,    12,0,0,0,0,0,0,0,0,0,0,0,0,0,0,0,1,0,0,0,1,0,0,0,0,1,0,0,0,0,0,0,0
 372,    371000,     2,     1,     0,     3,   312,   804, -1122,     0,0,0,0,0,0,0,0,0,0,0,0,0,0,0,0,1,0,0,0,1,0,0,0,0,1,0,0,0,0,0,0,0
 373,    372000,     0,     3,     0,     3,   -62,  1019,  -997,    -9,0,0,0,0,0,0,0,0,0,0,0,0,0,0,0,1,0,0,0,1,0,0,0,0,1,0,0,0,0,0,0,0
 374,    373000,    -1,     5,     0,     2,  -419,  1146,  -765,   -12,0,0,0,0,0,0,0,0,0,0,0,0,0,0,0,1,0,0,0,1,0,0,0,0,1,0,0,0,0,0,0,0
 375,    374000,    -3,     7,     0,     0,  -733,  1149,  -452,   -14,0,0,0,0,0,0,0,0,0,0,0,0,0,0,0,1,0,0,0,1,0,0,0,0,1,0,0,0,0,0,0,0
 376,    375000,    -5,     7,     0,     0,  -984,  1034,   -95,   -20,0,0,0,0,0,0,0,0,0,0,0,0,0,0,0,1,0,0,0,1,0,0,0,0,1,0,0,0,0,0,0,0
 377,    376000,    -5,     7,     0,    -1, -1143,   841,   263,   -26,0,0,0,0,0,0,0,0,0,0,0,0,0,0,0,1,0,0,0,1,0,0,0,0,1,0,0,0,0,0,0,0
 378,    377000,    -6,     6,     0,    -3, -1173,   538,   592,   -28,0,0,0,0,0,0,0,0,0,0,0,0,0,0,0,1,0,0,0,1,0,0,0,0,1,0,0,0,0,0,0,0
 379,    378000,    -5,     4,     0,    -5, -1100,   187,   864,   -23,0,0,0,0,0,0,0,0,0,0,0,0,0,0,0,1,0,0,0,1,0,0,0,0,1,0,0,0,0,0,0,0
 380,    379000,    -3,     1,     0,    -7,  -924,  -177,  1056,   -15,0,0,0,0,0,0,0,0,0,0,0,0,0,0,0,1,0,0,0,1,0,0,0,0,1,0,0,0,0,0,0,0
 381,    380000,    -2,     0,     0,    -7,  -651,  -525,  1146,    -7,0,0,0,0,0,0,0,0,0,0,0,0,0,0,0,1,0,0,0,1,0,0,0,0,1,0,0,0,0,0,0,0
 382,    381000,     0,    -3,     0,    -8,  -306,  -824,  1121,     4,0,0,0,0,0,0,0,0,0,0,0,0,0,0,0,1,0,0,0,1,0,0,0,0,1,0,0,0,0,0,0,0
 383,    382000,     2,    -6,     0,    -8,    53, -1038,   981,    13,0,0,0,0,0,0,0,0,0,0,0,0,0,0,0,1,0,0,0,1,0,0,0,0,1,0,0,0,0,0,0,0
 384,    383000,     5,    -8,     0,    -7,   407, -1164,   743,    14,0,0,0,0,0,0,0,0,0,0,0,0,0,0,0,1,0,0,0,1,0,0,0,0,1,0,0,0,0,0,0,0
 385,    384000,     7,    -9,     0,    -5,   722, -1164,   430,    16,0,0,0,0,0,0,0,0,0,0,0,0,0,0,0,1,0,0,0,1,0,0,0,0,1,0,0,0,0,0,0,0
 386,    385000,     9,    -9,     0,    -5,   971, -1044,    74,    24,0,0,0,0,0,0,0,0,0,0,0,0,0,0,0,1,0,0,0,1,0,0,0,0,1,0,0,0,0,0,0,0
 387,    386000,    10,    -9,     0,    -1,  1128,  -837,  -285,    29,0,0,0,0,0,0,0,0,0,0,0,0,0,0,0,1,0,0,0,1,0,0,0,0,1,0,0,0,0,0,0,0
 388,    387000,    11,    -8,     0,     0,  1156,  -547,  -612,    33,0,0,0,0,0,0,0,0,0,0,0,0,0,0,0,1,0,0,0,1,0,0,0,0,1,0,0,0,0,0,0,0
 389,    388000,     9,    -6,     0,     0,  1082,  -185,  -885,    26,0,0,0,0,0,0,0,0,0,0,0,0,0,0,0,1,0,0,0,1,0,0,0,0,1,0,0,0,0,0,0,0
 390,    389000,     7,    -3,     0,     2,   903,   170, -1068,    17,0,0,0,0,0,0,0,0,0,0,0,0,0,0,0,1,0,0,0,1,0,0,0,0,1,0,0,0,0,0,0,0
 391,    390000,     5,    -1,     0,     2,   634,   499, -1145,    12,0,0,0,0,0,0,0,0,0,0,0,0,0,0,0,1,0,0,0,1,0,0,0,0,1,0,0,0,0,0,0,0
 392,    391000,     2,     1,     0,     3,   300,   813, -1120,     0,0,0,0,0,0,0,0,0,0,0,0,0,0,0,0,1,0,0,0,1,0,0,0,0,1,0,0,0,0,0,0,0
 393,    392000,     0,     3,     0,     3,   -74,  1024,  -991,    -9,0,0,0,0,0,0,0,0,0,0,0,0,0,0,0,1,0,0,0,1,0,0,0,0,1,0,0,0,0,0,0,0
 394,    393000,    -1,     5,     0,     2,  -429,  1149,  -756,   -12,0,0,0,0,0,0,0,0,0,0,0,0,0,0,0,1,0,0,0,1,0,0,0,0,1,0,0,0,0,0,0,0
 395,    394000,    -3,     7,     0,     0,  -743,  1146,  -441,   -14,0,0,0,0,0,0,0,0,0,0,0,0,0,0,0,1,0,0,0,1,0,0,0,0,1,0,0,0,0,0,0,0
 396,    395000,    -5,     7,     0,     0,  -990,  1029,   -84,   -20,0,0,0,0,0,0,0,0,0,0,0,0,0,0,0,1,0,0,0,1,0,0,0,0,1,0,0,0,0,0,0,0
 397,    396000,    -5,     7,     0,    -1, -1146,   833,   274,   -26,0,0,0,0,0,0,0,0,0,0,0,0,0,0,0,1,0,0,0,1,0,0,0,0,1,0,0,0,0,0,0,0
 398,    397000,    -6,     6,     0,    -3, -1172,   527,   601,   -28,0,0,0,0,0,0,0,0,0,0,0,0,0,0,0,1,0,0,0,1,0,0,0,0,1,0,0,0,0,0,0,0
 399,    398000,    -4,     4,     0,    -5, -1096,   175,   872,   -23,0,0,0,0,0,0,0,0,0,0,0,0,0,0,0,1,0,0,0,1,0,0,0,0,1,0,0,0,0,0,0,0
 400,    399000,    -3,     1,     0,    -7,  -916,  -189,  1060,   -15,0,0,0,0,0,0,0,0,0,0,0,0,0,0,0,1,0,0,0,1,0,0,0,0,1,0,0,0,0,0,0,0
 401,    400000,    -2,     0,     0,    -8,  -640,  -536,  1147,    -6,0,0,0,0,0,0,0,0,0,0,0,0,0,0,0,1,0,0,0,1,0,0,0,0,1,0,0,0,0,0,0,0
 402,    401000,     0,    -3,     0,    -8,  -295,  -832,  1118,     4,0,0,0,0,0,0,0,0,0,0,0,0,0,0,0,1,0,0,0,1,0,0,0,0,1,0,0,0,0,0,0,0
 403,    402000,     2,    -6,     0,    -8,    65, -1043,   975,    13,0,0,0,0,0,0,0,0,0,0,0,0,0,0,0,1,0,0,0,1,0,0,0,0,1,0,0,0,0,0,0,0
 404,    403000,     5,    -8,     0,    -7,   418, -1166,   734,    14,0,0,0,0,0,0,0,0,0,0,0,0,0,0,0,1,0,0,0,1,0,0,0,0,1,0,0,0,0,0,0,0
 405,    404000,     7,    -9,     0,    -5,   731, -1162,   419,    16,0,0,0,0,0,0,0,0,0,0,0,0,0,0,0,1,0,0,0,1,0,0,0,0,1,0,0,0,0,0,0,0
 406,    405000,     9,    -9,     0,    -4,   978, -1039,    62,    24,0,0,0,0,0,0,0,0,0,0,0,0,0,0,0,1,0,0,0,1,0,0,0,0,1,0,0,0,0,0,0,0
 407,    406000,    10,    -9,     0,    -1,  1131,  -829,  -295,    29,0,0,0,0,0,0,0,0,0,0,0,0,0,0,0,1,0,0,0,1,0,0,0,0,1,0,0,0,0,0,0,0
 408,    407000,    11,    -8,     0,     0,  1156,  -537,  -622,    33,0,0,0,0,0,0,0,0,0,0,0,0,0,0,0,1,0,0,0,1,0,0,0,0,1,0,0,0,0,0,0,0
 409,    408000,     9,    -6,     0,     0,  1079,  -173,  -892,    25,0,0,0,0,0,0,0,0,0,0,0,0,0,0,0,1,0,0,0,1,0,0,0,0,1,0,0,0,0,0,0,0
 410,    409000,     7,    -3,     0,     2,   896,   179, -1072,    17,0,0,0,0,0,0,0,0,0,0,0,0,0,0,0,1,0,0,0,1,0,0,0,0,1,0,0,0,0,0,0,0
 411,    410000,     5,    -1,     0,     3,   625,   509, -1146,    11,0,0,0,0,0,0,0,0,0,0,0,0,0,0,0,1,0,0,0,1,0,0,0,0,1,0,0,0,0,0,0,0
 412,    411000,     2,     1,     0,     3,   291,   819, -1117,     0,0,0,0,0,0,0,0,0,0,0,0,0,0,0,0,1,0,0,0,1,0,0,0,0,1,0,0,0,0,0,0,0
 413,    412000,     0,     3,     0,     3,   -83,  1029,  -986,   -10,0,0,0,0,0,0,0,0,0,0,0,0,0,0,0,1,0,0,0,1,0,0,0,0,1,0,0,0,0,0,0,0
 414,    413000,    -1,     5,     0,     2,  -438,  1151,  -748,   -12,0,0,0,0,0,0,0,0,0,0,0,0,0,0,0,1,0,0,0,1,0,0,0,0,1,0,0,0,0,0,0,0
 415,    414000,    -3,     7,     0,     0,  -750,  1144,  -432,   -14,0,0,0,0,0,0,0,0,0,0,0,0,0,0,0,1,0,0,0,1,0,0,0,0,1,0,0,0,0,0,0,0
 416,    415000,    -5,     7,     0,     0,  -995,  1026,   -75,   -20,0,0,0,0,0,0,0,0,0,0,0,0,0,0,0,1,0,0,0,1,0,0,0,0,1,0,0,0,0,0,0,0
 417,    416000,    -5,     7,     0,    -1, -1148,   827,   282,   -26,0,0,0,0,0,0,0,0,0,0,0,0,0,0,0,1,0,0,0,1,0,0,0,0,1,0,0,0,0,0,0,0
 418,    417000,    -6,     6,     0,    -3, -1171,   520,   608,   -28,0,0,0,0,0,0,0,0,0,0,0,0,0,0,0,1,0,0,0,1,0,0,0,0,1,0,0,0,0,0,0,0
 419,    418000,    -4,     4,     0,    -5, -1094,   167,   877,   -23,0,0,0,0,0,0,0,0,0,0,0,0,0,0,0,1,0,0,0,1,0,0,0,0,1,0,0,0,0,0,0,0
 420,    419000,    -3,     1,     0,    -7,  -912,  -196,  1063,   -15,0,0,0,0,0,0,0,0,0,0,0,0,0,0,0,1,0,0,0,1,0,0,0,0,1,0,0,0,0,0,0,0
 421,    420000,    -2,     0,     0,    -8,  -634,  -542,  1147,    -6,0,0,0,0,0,0,0,0,0,0,0,0,0,0,0,1,0,0,0,1,0,0,0,0,1,0,0,0,0,0,0,0
 422,    421000,     0,    -3,     0,    -8,  -288,  -837,  1117,     4,0,0,0,0,0,0,0,0,0,0,0,0,0,0,0,1,0,0,0,1,0,0,0,0,1,0,0,0,0,0,0,0
 423,    422000,     2,    -6,     0,    -8,    71, -1046,   971,    13,0,0,0,0,0,0,0,0,0,0,0,0,0,0,0,1,0,0,0,1,0,0,0,0,1,0,0,0,0,0,0,0
 424,    423000,     5,    -8,     0,    -7,   424, -1167,   729,    14,0,0,0,0,0,0,0,0,0,0,0,0,0,0,0,1,0,0,0,1,0,0,0,0,1,0,0,0,0,0,0,0
 425,    424000,     7,    -9,     0,    -5,   736, -1161,   413,    16,0,0,0,0,0,0,0,0,0,0,0,0,0,0,0,1,0,0,0,1,0,0,0,0,1,0,0,0,0,0,0,0
 426,    425000,     9,    -9,     0,    -4,   981, -1036,    56,    24,0,0,0,0,0,0,0,0,0,0,0,0,0,0,0,1,0,0,0,1,0,0,0,0,1,0,0,0,0,0,0,0
 427,    426000,    10,    -9,     0,    -1,  1132,  -825,  -301,    29,0,0,0,0,0,0,0,0,0,0,0,0,0,0,0,1,0,0,0,1,0,0,0,0,1,0,0,0,0,0,0,0
 428,    427000,    11,    -8,     0,     0,  1155,  -532,  -626,    33,0,0,0,0,0,0,0,0,0,0,0,0,0,0,0,1,0,0,0,1,0,0,0,0,1,0,0,0,0,0,0,0
 429,    428000,     9,    -6,     0,     0,  1077,  -167,  -896,    25,0,0,0,0,0,0,0,0,0,0,0,0,0,0,0,1,0,0,0,1,0,0,0,0,1,0,0,0,0,0,0,0
 430,    429000,     7,    -3,     0,     2,   893,   184, -1074,    17,0,0,0,0,0,0,0,0,0,0,0,0,0,0,0,1,0,0,0,1,0,0,0,0,1,0,0,0,0,0,0,0
 431,    430000,     5,    -1,     0,     3,   620,   514, -1146,    11,0,0,0,0,0,0,0,0,0,0,0,0,0,0,0,1,0,0,0,1,0,0,0,0,1,0,0,0,0,0,0,0
 432,    431000,     2,     1,     0,     3,   285,   824, -1116,     0,0,0,0,0,0,0,0,0,0,0,0,0,0,0,0,1,0,0,0,1,0,0,0,0,1,0,0,0,0,0,0,0
 433,    432000,     0,     3,     0,     3,   -89,  1031,  -984,   -10,0,0,0,0,0,0,0,0,0,0,0,0,0,0,0,1,0,0,0,1,0,0,0,0,1,0,0,0,0,0,0,0
 434,    433000,    -1,     5,     0,     2,  -443,  1152,  -744,   -12,0,0,0,0,0,0,0,0,0,0,0,0,0,0,0,1,0,0,0,1,0,0,0,0,1,0,0,0,0,0,0,0
 435,    434000,    -3,     7,     0,     0,  -754,  1143,  -427,   -14,0,0,0,0,0,0,0,0,0,0,0,0,0,0,0,1,0,0,0,1,0,0,0,0,1,0,0,0,0,0,0,0
 436,    435000,    -5,     7,     0,     0,  -999,  1023,   -69,   -20,0,0,0,0,0,0,0,0,0,0,0,0,0,0,0,1,0,0,0,1,0,0,0,0,1,0,0,0,0,0,0,0
 437,    436000,    -5,     7,     0,    -1, -1149,   823,   287,   -26,0,0,0,0,0,0,0,0,0,0,0,0,0,0,0,1,0,0,0,1,0,0,0,0,1,0,0,0,0,0,0,0
 438,    437000,    -6,     6,     0,    -3, -1171,   514,   613,   -28,0,0,0,0,0,0,0,0,0,0,0,0,0,0,0,1,0,0,0,1,0,0,0,0,1,0,0,0,0,0,0,0
 439,    438000,    -4,     3,     0,    -5, -1092,   162,   880,   -23,0,0,0,0,0,0,0,0,0,0,0,0,0,0,0,1,0,0,0,1,0,0,0,0,1,0,0,0,0,0,0,0
 440,    439000,    -3,     1,     0,    -7,  -908,  -202,  1065,   -15,0,0,0,0,0,0,0,0,0,0,0,0,0,0,0,1,0,0,0,1,0,0,0,0,1,0,0,0,0,0,0,0
 441,    440000,    -2,     0,     0,    -8,  -629,  -547,  1148,    -6,0,0,0,0,0,0,0,0,0,0,0,0,0,0,0,1,0,0,0,1,0,0,0,0,1,0,0,0,0,0,0,0
 442,    441000,     0,    -3,     0,    -8,  -283,  -841,  1115,     5,0,0,0,0,0,0,0,0,0,0,0,0,0,0,0,1,0,0,0,1,0,0,0,0,1,0,0,0,0,0,0,0
 443,    442000,     2,    -6,     0,    -8,    77, -1049,   968,    13,0,0,0,0,0,0,0,0,0,0,0,0,0,0,0,1,0,0,0,1,0,0,0,0,1,0,0,0,0,0,0,0
 444,    443000,     5,    -8,     0,    -7,   430, -1168,   725,    14,0,0,0,0,0,0,0,0,0,0,0,0,0,0,0,1,0,0,0,1,0,0,0,0,1,0,0,0,0,0,0,0
 445,    444000,     7,    -9,     0,    -5,   741, -1159,   408,    17,0,0,0,0,0,0,0,0,0,0,0,0,0,0,0,1,0,0,0,1,0,0,0,0,1,0,0,0,0,0,0,0
 446,    445000,     9,    -9,     0,    -4,   984, -1034,    50,    24,0,0,0,0,0,0,0,0,0,0,0,0,0,0,0,1,0,0,0,1,0,0,0,0,1,0,0,0,0,0,0,0
 447,    446000,    10,    -9,     0,    -1,  1134,  -821,  -306,    30,0,0,0,0,0,0,0,0,0,0,0,0,0,0,0,1,0,0,0,1,0,0,0,0,1,0,0,0,0,0,0,0
 448,    447000,    11,    -8,     0,     0,  1155,  -527,  -631,    33,0,0,0,0,0,0,0,0,0,0,0,0,0,0,0,1,0,0,0,1,0,0,0,0,1,0,0,0,0,0,0,0
 449,    448000,     9,    -5,     0,     0,  1075,  -161,  -899,    25,0,0,0,0,0,0,0,0,0,0,0,0,0,0,0,1,0,0,0,1,0,0,0,0,1,0,0,0,0,0,0,0
 450,    449000,     7,    -3,     0,     2,   889,   190, -1075,    17,0,0,0,0,0,0,0,0,0,0,0,0,0,0,0,1,0,0,0,1,0,0,0,0,1,0,0,0,0,0,0,0
 451,    450000,     5,    -1,     0,     3,   615,   520, -1146,    11,0,0,0,0,0,0,0,0,0,0,0,0,0,0,0,1,0,0,0,1,0,0,0,0,1,0,0,0,0,0,0,0
 452,    451000,     2,     1,     0,     3,   279,   828, -1115,     0,0,0,0,0,0,0,0,0,0,0,0,0,0,0,0,1,0,0,0,1,0,0,0,0,1,0,0,0,0,0,0,0
 453,    452000,     0,     3,     0,     3,   -95,  1034,  -981,   -10,0,0,0,0,0,0,0,0,0,0,0,0,0,0,0,1,0,0,0,1,0,0,0,0,1,0,0,0,0,0,0,0
 454,    453000,    -1,     5,     0,     2,  -449,  1153,  -739,   -12,0,0,0,0,0,0,0,0,0,0,0,0,0,0,0,1,0,0,0,1,0,0,0,0,1,0,0,0,0,0,0,0
 455,    454000,    -3,     7,     0,     0,  -759,  1142,  -421,   -14,0,0,0,0,0,0,0,0,0,0,0,0,0,0,0,1,0,0,0,1,0,0,0,0,1,0,0,0,0,0,0,0
 456,    455000,    -5,     7,     0,     0, -1002,  1021,   -64,   -20,0,0,0,0,0,0,0,0,0,0,0,0,0,0,0,1,0,0,0,1,0,0,0,0,1,0,0,0,0,0,0,0
 457,    456000,    -5,     7,     0,    -1, -1150,   819,   293,   -27,0,0,0,0,0,0,0,0,0,0,0,0,0,0,0,1,0,0,0,1,0,0,0,0,1,0,0,0,0,0,0,0
 458,    457000,    -6,     6,     0,    -3, -1170,   509,   618,   -28,0,0,0,0,0,0,0,0,0,0,0,0,0,0,0,1,0,0,0,1,0,0,0,0,1,0,0,0,0,0,0,0
 459,    458000,    -4,     3,     0,    -5, -1090,   156,   884,   -23,0,0,0,0,0,0,0,0,0,0,0,0,0,0,0,1,0,0,0,1,0,0,0,0,1,0,0,0,0,0,0,0
 460,    459000,    -3,     1,     0,    -7,  -904,  -208,  1068,   -15,0,0,0,0,0,0,0,0,0,0,0,0,0,0,0,1,0,0,0,1,0,0,0,0,1,0,0,0,0,0,0,0
 461,    460000,    -2,     0,     0,    -8,  -624,  -553,  1148,    -6,0,0,0,0,0,0,0,0,0,0,0,0,0,0,0,1,0,0,0,1,0,0,0,0,1,0,0,0,0,0,0,0
 462,    461000,     0,    -3,     0,    -8,  -277,  -845,  1114,     5,0,0,0,0,0,0,0,0,0,0,0,0,0,0,0,1,0,0,0,1,0,0,0,0,1,0,0,0,0,0,0,0
 463,    462000,     2,    -6,     0,    -8,    82, -1051,   965,    13,0,0,0,0,0,0,0,0,0,0,0,0,0,0,0,1,0,0,0,1,0,0,0,0,1,0,0,0,0,0,0,0
 464,    463000,     5,    -8,     0,    -7,   435, -1169,   720,    14,0,0,0,0,0,0,0,0,0,0,0,0,0,0,0,1,0,0,0,1,0,0,0,0,1,0,0,0,0,0,0,0
 465,    464000,     7,    -9,     0,    -5,   745, -1158,   402,    17,0,0,0,0,0,0,0,0,0,0,0,0,0,0,0,1,0,0,0,1,0,0,0,0,1,0,0,0,0,0,0,0
 466,    465000,     9,    -9,     0,    -4,   987, -1031,    45,    24,0,0,0,0,0,0,0,0,0,0,0,0,0,0,0,1,0,0,0,1,0,0,0,0,1,0,0,0,0,0,0,0
 467,    466000,    10,    -9,     0,    -1,  1135,  -817,  -311,    30,0,0,0,0,0,0,0,0,0,0,0,0,0,0,0,1,0,0,0,1,0,0,0,0,1,0,0,0,0,0,0,0
 468,    467000,    11,    -8,     0,     0,  1154,  -522,  -636,    33,0,0,0,0,0,0,0,0,0,0,0,0,0,0,0,1,0,0,0,1,0,0,0,0,1,0,0,0,0,0,0,0
 469,    468000,     9,    -5,     0,     0,  1073,  -156,  -903,    25,0,0,0,0,0,0,0,0,0,0,0,0,0,0,0,1,0,0,0,1,0,0,0,0,1,0,0,0,0,0,0,0
 470,    469000,     7,    -3,     0,     2,   885,   194, -1077,    17,0,0,0,0,0,0,0,0,0,0,0,0,0,0,0,1,0,0,0,1,0,0,0,0,1,0,0,0,0,0,0,0
 471,    470000,     5,    -1,     0,     3,   611,   524, -1147,    11,0,0,0,0,0,0,0,0,0,0,0,0,0,0,0,1,0,0,0,1,0,0,0,0,1,0,0,0,0,0,0,0
 472,    471000,     2,     1,     0,     3,   274,   831, -1114,     0,0,0,0,0,0,0,0,0,0,0,0,0,0,0,0,1,0,0,0,1,0,0,0,0,1,0,0,0,0,0,0,0
 473,    472000,     0,     3,     0,     3,  -100,  1036,  -978,   -10,0,0,0,0,0,0,0,0,0,0,0,0,0,0,0,1,0,0,0,1,0,0,0,0,1,0,0,0,0,0,0,0
 474,    473000,    -1,     5,     0,     2,  -453,  1154,  -735,   -12,0,0,0,0,0,0,0,0,0,0,0,0,0,0,0,1,0,0,0,1,0,0,0,0,1,0,0,0,0,0,0,0
 475,    474000,    -3,     7,     0,     0,  -762,  1141,  -417,   -15,0,0,0,0,0,0,0,0,0,0,0,0,0,0,0,1,0,0,0,1,0,0,0,0,1,0,0,0,0,0,0,0
 476,    475000,    -5,     7,     0,     0, -1004,  1019,   -59,   -20,0,0,0,0,0,0,0,0,0,0,0,0,0,0,0,1,0,0,0,1,0,0,0,0,1,0,0,0,0,0,0,0
 477,    476000,    -5,     7,     0,    -1, -1151,   816,   297,   -27,0,0,0,0,0,0,0,0,0,0,0,0,0,0,0,1,0,0,0,1,0,0,0,0,1,0,0,0,0,0,0,0
 478,    477000,    -6,     6,     0,    -3, -1170,   505,   621,   -28,0,0,0,0,0,0,0,0,0,0,0,0,0,0,0,1,0,0,0,1,0,0,0,0,1,0,0,0,0,0,0,0
 479,    478000,    -4,     3,     0,    -5, -1088,   152,   887,   -22,0,0,0,0,0,0,0,0,0,0,0,0,0,0,0,1,0,0,0,1,0,0,0,0,1,0,0,0,0,0,0,0
 480,    479000,    -3,     1,     0,    -7,  -902,  -212,  1069,   -15,0,0,0,0,0,0,0,0,0,0,0,0,0,0,0,1,0,0,0,1,0,0,0,0,1,0,0,0,0,0,0,0
 481,    480000,    -2,     0,     0,    -8,  -620,  -556,  1148,    -6,0,0,0,0,0,0,0,0,0,0,0,0,0,0,0,1,0,0,0,1,0,0,0,0,1,0,0,0,0,0,0,0
 482,    481000,     0,    -3,     0,    -8,  -274,  -847,  1113,     5,0,0,0,0,0,0,0,0,0,0,0,0,0,0,0,1,0,0,0,1,0,0,0,0,1,0,0,0,0,0,0,0
 483,    482000,     2,    -6,     0,    -8,    86, -1053,   963,    13,0,0,0,0,0,0,0,0,0,0,0,0,0,0,0,1,0,0,0,1,0,0,0,0,1,0,0,0,0,0,0,0
 484,    483000,     5,    -8,     0,    -7,   438, -1170,   718,    14,0,0,0,0,0,0,0,0,0,0,0,0,0,0,0,1,0,0,0,1,0,0,0,0,1,0,0,0,0,0,0,0
 485,    484000,     7,    -9,     0,    -5,   748, -1157,   399,    17,0,0,0,0,0,0,0,0,0,0,0,0,0,0,0,1,0,0,0,1,0,0,0,0,1,0,0,0,0,0,0,0
 486,    485000,     9,    -9,     0,    -4,   989, -1030,    42,    24,0,0,0,0,0,0,0,0,0,0,0,0,0,0,0,1,0,0,0,1,0,0,0,0,1,0,0,0,0,0,0,0
 487,    486000,    10,    -9,     0,    -1,  1136,  -815,  -314,    30,0,0,0,0,0,0,0,0,0,0,0,0,0,0,0,1,0,0,0,1,0,0,0,0,1,0,0,0,0,0,0,0
 488,    487000,    11,    -8,     0,     0,  1154,  -519,  -638,    33,0,0,0,0,0,0,0,0,0,0,0,0,0,0,0,1,0,0,0,1,0,0,0,0,1,0,0,0,0,0,0,0
 489,    488000,     9,    -5,     0,     0,  1072,  -153,  -905,    25,0,0,0,0,0,0,0,0,0,0,0,0,0,0,0,1,0,0,0,1,0,0,0,0,1,0,0,0,0,0,0,0
 490,    489000,     7,    -3,     0,     2,   883,   197, -1078,    17,0,0,0,0,0,0,0,0,0,0,0,0,0,0,0,1,0,0,0,1,0,0,0,0,1,0,0,0,0,0,0,0
 491,    490000,     5,    -1,     0,     3,   609,   527, -1147,    11,0,0,0,0,0,0,0,0,0,0,0,0,0,0,0,1,0,0,0,1,0,0,0,0,1,0,0,0,0,0,0,0
 492,    491000,     2,     1,     0,     3,   272,   833, -1113,     0,0,0,0,0,0,0,0,0,0,0,0,0,0,0,0,1,0,0,0,1,0,0,0,0,1,0,0,0,0,0,0,0
 493,    492000,     0,     3,     0,     3,  -103,  1037,  -977,   -10,0,0,0,0,0,0,0,0,0,0,0,0,0,0,0,1,0,0,0,1,0,0,0,0,1,0,0,0,0,0,0,0
 494,    493000,    -1,     5,     0,     2,  -456,  1154,  -733,   -12,0,0,0,0,0,0,0,0,0,0,0,0,0,0,0,1,0,0,0,1,0,0,0,0,1,0,0,0,0,0,0,0
 495,    494000,    -3,     7,     0,     0,  -765,  1140,  -414,   -15,0,0,0,0,0,0,0,0,0,0,0,0,0,0,0,1,0,0,0,1,0,0,0,0,1,0,0,0,0,0,0,0
 496,    495000,    -5,     7,     0,     0, -1006,  1018,   -56,   -20,0,0,0,0,0,0,0,0,0,0,0,0,0,0,0,1,0,0,0,1,0,0,0,0,1,0,0,0,0,0,0,0
 497,    496000,    -5,     7,     0,    -1, -1152,   814,   299,   -27,0,0,0,0,0,0,0,0,0,0,0,0,0,0,0,1,0,0,0,1,0,0,0,0,1,0,0,0,0,0,0,0
 498,    497000,    -6,     6,     0,    -3, -1170,   503,   623,   -28,0,0,0,0,0,0,0,0,0,0,0,0,0,0,0,1,0,0,0,1,0,0,0,0,1,0,0,0,0,0,0,0
 499,    498000,    -4,     3,     0,    -5, -1087,   149,   888,   -22,0,0,0,0,0,0,0,0,0,0,0,0,0,0,0,1,0,0,0,1,0,0,0,0,1,0,0,0,0,0,0,0
 500,    499000,    -3,     1,     0,    -7,  -900,  -215,  1070,   -15,0,0,0,0,0,0,0,0,0,0,0,0,0,0,0,1,0,0,0,1,0,0,0,0,1,0,0,0,0,0,0,0
 501,    500000,    -2,     0,     0,    -8,  -618,  -558,  1148,    -6,0,0,0,0,0,0,0,0,0,0,0,0,0,0,0,1,0,0,0,1,0,0,0,0,1,0,0,0,0,0,0,0
 502,    501000,     0,    -3,     0,    -8,  -271,  -849,  1112,     5,0,0,0,0,0,0,0,0,0,0,0,0,0,0,0,1,0,0,0,1,0,0,0,0,1,0,0,0,0,0,0,0
 503,    502000,     2,    -6,     0,    -8,    89, -1054,   961,    13,0,0,0,0,0,0,0,0,0,0,0,0,0,0,0,1,0,0,0,1,0,0,0,0,1,0,0,0,0,0,0,0
 504,    503000,     5,    -8,     0,    -7,   441, -1170,   715,    14,0,0,0,0,0,0,0,0,0,0,0,0,0,0,0,1,0,0,0,1,0,0,0,0,1,0,0,0,0,0,0,0
 505,    504000,     7,    -9,     0,    -5,   750, -1157,   396,    17,0,0,0,0,0,0,0,0,0,0,0,0,0,0,0,1,0,0,0,1,0,0,0,0,1,0,0,0,0,0,0,0
 506,    505000,     9,    -9,     0,    -4,   991, -1028,    39,    24,0,0,0,0,0,0,0,0,0,0,0,0,0,0,0,1,0,0,0,1,0,0,0,0,1,0,0,0,0,0,0,0
 507,    506000,    10,    -9,     0,    -1,  1136,  -813,  -317,    30,0,0,0,0,0,0,0,0,0,0,0,0,0,0,0,1,0,0,0,1,0,0,0,0,1,0,0,0,0,0,0,0
 508,    507000,    11,    -8,     0,     0,  1154,  -517,  -640,    33,0,0,0,0,0,0,0,0,0,0,0,0,0,0,0,1,0,0,0,1,0,0,0,0,1,0,0,0,0,0,0,0
 509,    508000,     9,    -5,     0,     0,  1071,  -149,  -906,    24,0,0,0,0,0,0,0,0,0,0,0,0,0,0,0,1,0,0,0,1,0,0,0,0,1,0,0,0,0,0,0,0
 510,    509000,     7,    -3,     0,     2,   882,   200, -1079,    17,0,0,0,0,0,0,0,0,0,0,0,0,0,0,0,1,0,0,0,1,0,0,0,0,1,0,0,0,0,0,0,0
 511,    510000,     5,    -1,     0,     3,   606,   530, -1147,    11,0,0,0,0,0,0,0,0,0,0,0,0,0,0,0,1,0,0,0,1,0,0,0,0,1,0,0,0,0,0,0,0
 512,    511000,     2,     1,     0,     3,   269,   835, -1112,     0,0,0,0,0,0,0,0,0,0,0,0,0,0,0,0,1,0,0,0,1,0,0,0,0,1,0,0,0,0,0,0,0
 513,    512000,     0,     3,     0,     3,  -105,  1039,  -975,   -10,0,0,0,0,0,0,0,0,0,0,0,0,0,0,0,1,0,0,0,1,0,0,0,0,1,0,0,0,0,0,0,0
 514,    513000,    -1,     5,     0,     2,  -459,  1155,  -731,   -12,0,0,0,0,0,0,0,0,0,0,0,0,0,0,0,1,0,0,0,1,0,0,0,0,1,0,0,0,0,0,0,0
 515,    514000,    -3,     7,     0,     0,  -767,  1139,  -411,   -15,0,0,0,0,0,0,0,0,0,0,0,0,0,0,0,1,0,0,0,1,0,0,0,0,1,0,0,0,0,0,0,0
 516,    515000,    -5,     7,     0,     0, -1008,  1016,   -53,   -20,0,0,0,0,0,0,0,0,0,0,0,0,0,0,0,1,0,0,0,1,0,0,0,0,1,0,0,0,0,0,0,0
 517,    516000,    -5,     7,     0,    -1, -1152,   812,   302,   -27,0,0,0,0,0,0,0,0,0,0,0,0,0,0,0,1,0,0,0,1,0,0,0,0,1,0,0,0,0,0,0,0
 518,    517000,    -6,     6,     0,    -3, -1170,   500,   626,   -28,0,0,0,0,0,0,0,0,0,0,0,0,0,0,0,1,0,0,0,1,0,0,0,0,1,0,0,0,0,0,0,0
 519,    518000,    -4,     3,     0,    -5, -1086,   146,   890,   -22,0,0,0,0,0,0,0,0,0,0,0,0,0,0,0,1,0,0,0,1,0,0,0,0,1,0,0,0,0,0,0,0
 520,    519000,    -3,     1,     0,    -7,  -898,  -218,  1071,   -14,0,0,0,0,0,0,0,0,0,0,0,0,0,0,0,1,0,0,0,1,0,0,0,0,1,0,0,0,0,0,0,0
 521,    520000,    -2,     0,     0,    -8,  -615,  -561,  1149,    -5,0,0,0,0,0,0,0,0,0,0,0,0,0,0,0,1,0,0,0,1,0,0,0,0,1,0,0,0,0,0,0,0
 522,    521000,     0,    -3,     0,    -8,  -268,  -851,  1111,     5,0,0,0,0,0,0,0,0,0,0,0,0,0,0,0,1,0,0,0,1,0,0,0,0,1,0,0,0,0,0,0,0
 523,    522000,     2,    -6,     0,    -8,    91, -1055,   960,    14,0,0,0,0,0,0,0,0,0,0,0,0,0,0,0,1,0,0,0,1,0,0,0,0,1,0,0,0,0,0,0,0
 524,    523000,     5,    -8,     0,    -7,   443, -1171,   713,    14,0,0,0,0,0,0,0,0,0,0,0,0,0,0,0,1,0,0,0,1,0,0,0,0,1,0,0,0,0,0,0,0
 525,    524000,     7,    -9,     0,    -5,   752, -1156,   394,    17,0,0,0,0,0,0,0,0,0,0,0,0,0,0,0,1,0,0,0,1,0,0,0,0,1,0,0,0,0,0,0,0
 526,    525000,     9,    -9,     0,    -4,   992, -1027,    36,    24,0,0,0,0,0,0,0,0,0,0,0,0,0,0,0,1,0,0,0,1,0,0,0,0,1,0,0,0,0,0,0,0
 527,    526000,    10,    -9,     0,    -1,  1137,  -811,  -320,    30,0,0,0,0,0,0,0,0,0,0,0,0,0,0,0,1,0,0,0,1,0,0,0,0,1,0,0,0,0,0,0,0
 528,    527000,    11,    -8,     0,     0,  1153,  -514,  -643,    33,0,0,0,0,0,0,0,0,0,0,0,0,0,0,0,1,0,0,0,1,0,0,0,0,1,0,0,0,0,0,0,0
 529,    528000,     9,    -5,     0,     0,  1069,  -146,  -908,    24,0,0,0,0,0,0,0,0,0,0,0,0,0,0,0,1,0,0,0,1,0,0,0,0,1,0,0,0,0,0,0,0
 530,    529000,     7,    -3,     0,     2,   880,   202, -1080,    17,0,0,0,0,0,0,0,0,0,0,0,0,0,0,0,1,0,0,0,1,0,0,0,0,1,0,0,0,0,0,0,0
 531,    530000,     5,    -1,     0,     3,   604,   532, -1147,    11,0,0,0,0,0,0,0,0,0,0,0,0,0,0,0,1,0,0,0,1,0,0,0,0,1,0,0,0,0,0,0,0
 532,    531000,     2,     1,     0,     3,   266,   837, -1112,     0,0,0,0,0,0,0,0,0,0,0,0,0,0,0,0,1,0,0,0,1,0,0,0,0,1,0,0,0,0,0,0,0
 533,    532000,     0,     3,     0,     3,  -108,  1040,  -974,   -10,0,0,0,0,0,0,0,0,0,0,0,0,0,0,0,1,0,0,0,1,0,0,0,0,1,0,0,0,0,0,0,0
 534,    533000,    -1,     5,     0,     2,  -461,  1155,  -728,   -12,0,0,0,0,0,0,0,0,0,0,0,0,0,0,1,1,1,0,0,1,0,0,0,0,1,0,0,0,0,0,0,0
 535,    534000,    -3,     7,     0,     0,  -769,  1139,  -408,   -15,0,0,0,0,0,0,0,0,0,0,0,0,0,0,1,1,1,0,0,1,0,0,0,0,1,0,0,0,0,0,0,0
 536,    535000,    -5,     7,     0,     0, -1009,  1015,   -51,   -20,0,0,0,0,0,0,0,0,0,0,0,0,0,0,1,1,1,0,0,1,0,0,0,0,1,0,0,0,0,0,0,0
 537,    536000,    -5,     7,     0,    -1, -1153,   810,   305,   -27,0,0,0,0,0,0,0,0,0,0,0,0,0,0,1,1,1,0,0,1,0,0,0,0,1,0,0,0,0,0,0,0
 538,    537000,    -6,     6,     0,    -3, -1169,   497,   628,   -28,0,0,0,0,0,0,0,0,0,0,0,0,0,0,1,1,1,0,0,1,0,0,0,0,1,0,0,0,0,0,0,0
 539,    538000,    -4,     3,     0,    -5, -1085,   143,   892,   -22,0,0,0,0,0,0,0,0,0,0,0,0,0,0,1,1,1,0,0,1,0,0,0,0,1,0,0,0,0,0,0,0
 540,    539000,    -3,     1,     0,    -7,  -896,  -221,  1072,   -14,0,0,0,0,0,0,0,0,0,0,0,0,0,0,1,1,1,0,0,1,0,0,0,0,1,0,0,0,0,0,0,0
 541,    540000,    -2,     0,     0,    -8,  -612,  -564,  1149,    -5,0,0,0,0,0,0,0,0,0,0,0,0,0,0,1,1,1,0,0,1,0,0,0,0,1,0,0,0,0,0,0,0
 542,    541000,     1,    -3,     0,    -8,  -265,  -853,  1110,     5,0,0,0,0,0,0,0,0,0,0,0,0,0,0,1,1,1,0,0,1,0,0,0,0,1,0,0,0,0,0,0,0
 543,    542000,     2,    -6,     0,    -8,    94, -1056,   958,    14,0,0,0,0,0,0,0,0,0,0,0,0,0,0,1,1,1,0,0,1,0,0,0,0,1,0,0,0,0,0,0,0
 544,    543000,     5,    -8,     0,    -7,   446, -1171,   711,    14,0,0,0,0,0,0,0,0,0,0,0,0,0,0,1,1,1,0,0,1,0,0,0,0,1,0,0,0,0,0,0,0
 545,    544000,     7,    -9,     0,    -5,   754, -1155,   391,    17,0,0,0,0,0,0,0,0,0,0,0,0,0,0,1,1,1,0,0,1,0,0,0,0,1,0,0,0,0,0,0,0
 546,    545000,     9,    -9,     0,    -4,   994, -1025,    33,    24,0,0,0,0,0,0,0,0,0,0,0,0,0,0,1,1,1,0,0,1,0,0,0,0,1,0,0,0,0,0,0,0
 547,    546000,    11,    -9,     0,    -1,  1137,  -809,  -322,    30,0,0,0,0,0,0,0,0,0,0,0,0,0,0,1,1,1,0,0,1,0,0,0,0,1,0,0,0,0,0,0,0
 548,    547000,    11,    -8,     0,     0,  1153,  -511,  -645,    33,0,0,0,0,0,0,0,0,0,0,0,0,0,0,1,1,1,0,0,1,0,0,0,0,1,0,0,0,0,0,0,0
 549,    548000,     9,    -5,     0,     0,  1068,  -143,  -910,    24,0,0,0,0,0,0,0,0,0,0,0,0,0,0,1,1,1,0,0,1,0,0,0,0,1,0,0,0,0,0,0,0
 550,    549000,     7,    -3,     0,     2,   877,   206, -1081,    17,0,0,0,0,0,0,0,0,0,0,0,0,0,0,1,1,1,0,0,1,0,0,0,0,1,0,0,0,0,0,0,0
 551,    550000,     5,    -1,     0,     3,   600,   536, -1147,    11,0,0,0,0,0,0,0,0,0,0,0,0,0,0,1,1,1,0,0,1,0,0,0,0,1,0,0,0,0,0,0,0
 552,    551000,     1,     1,     0,     3,   262,   840, -1111,     0,0,0,0,0,0,0,0,0,0,0,0,0,0,0,1,1,1,0,0,1,0,0,0,0,1,0,0,0,0,0,0,0
 553,    552000,     0,     3,     0,     3,  -112,  1042,  -972,   -10,0,0,0,0,0,0,0,0,0,0,0,0,0,0,1,1,1,0,0,1,0,0,0,0,1,0,0,0,0,0,0,0
 554,    553000,    -1,     5,     0,     2,  -465,  1156,  -725,   -12,0,0,0,0,0,0,0,0,0,0,0,0,0,0,1,1,1,0,0,1,0,0,0,0,1,0,0,0,0,0,0,0
 555,    554000,    -3,     7,     0,     0,  -772,  1138,  -404,   -15,0,0,0,0,0,0,0,0,0,0,0,0,0,0,1,1,1,0,0,1,0,0,0,0,1,0,0,0,0,0,0,0
 556,    555000,    -5,     7,     0,     0, -1012,  1013,   -46,   -21,0,0,0,0,0,0,0,0,0,0,0,0,0,0,1,1,1,0,0,1,0,0,0,0,1,0,0,0,0,0,0,0
 557,    556000,    -6,     7,     0,    -1, -1154,   806,   309,   -27,0,0,0,0,0,0,0,0,0,0,0,0,0,0,1,1,1,0,0,1,0,0,0,0,1,0,0,0,0,0,0,0
 558,    557000,    -6,     6,     0,    -3, -1169,   493,   632,   -28,0,0,0,0,0,0,0,0,0,0,0,0,0,0,1,1,1,0,0,1,0,0,0,0,1,0,0,0,0,0,0,0
 559,    558000,    -4,     3,     0,    -5, -1083,   138,   895,   -22,0,0,0,0,0,0,0,0,0,0,0,0,0,0,1,1,1,0,0,1,0,0,0,0,1,0,0,0,0,0,0,0
 560,    559000,    -3,     1,     0,    -7,  -892,  -226,  1074,   -14,0,0,0,0,0,0,0,0,0,0,0,0,0,0,1,1,1,0,0,1,0,0,0,0,1,0,0,0,0,0,0,0
 561,    560000,    -2,     0,     0,    -8,  -608,  -568,  1149,    -5,0,0,0,0,0,0,0,0,0,0,0,0,0,0,1,1,1,0,0,1,0,0,0,0,1,0,0,0,0,0,0,0
 562,    561000,     1,    -3,     0,    -8,  -260,  -857,  1109,     5,0,0,0,0,0,0,0,0,0,0,0,0,0,0,1,1,1,0,0,1,0,0,0,0,1,0,0,0,0,0,0,0
 563,    562000,     2,    -6,     0,    -8,    99, -1059,   955,    14,0,0,0,0,0,0,0,0,0,0,0,0,0,0,1,1,1,0,0,1,0,0,0,0,1,0,0,0,0,0,0,0
 564,    563000,     5,    -8,     0,    -7,   451, -1172,   706,    14,0,0,0,0,0,0,0,0,0,0,0,0,0,0,1,1,1,0,0,1,0,0,0,0,1,0,0,0,0,0,0,0
 565,    564000,     7,    -9,     0,    -5,   759, -1154,   385,    17,0,0,0,0,0,0,0,0,0,0,0,0,0,0,1,1,1,0,0,1,0,0,0,0,1,0,0,0,0,0,0,0
 566,    565000,     9,    -9,     0,    -4,   997, -1023,    27,    25,0,0,0,0,0,0,0,0,0,0,0,0,0,0,1,1,1,0,0,1,0,0,0,0,1,0,0,0,0,0,0,0
 567,    566000,    11,    -9,     0,    -1,  1139,  -805,  -328,    30,0,0,0,0,0,0,0,0,0,0,0,0,0,0,1,1,1,0,0,1,0,0,0,0,1,0,0,0,0,0,0,0
 568,    567000,    11,    -8,     0,     0,  1153,  -506,  -650,    33,0,0,0,0,0,0,0,0,0,0,0,0,0,0,1,1,1,0,0,1,0,0,0,0,1,0,0,0,0,0,0,0
 569,    568000,     9,    -5,     0,     0,  1066,  -137,  -914,    24,0,0,0,0,0,0,0,0,0,0,0,0,0,0,1,1,1,0,0,1,0,0,0,0,1,0,0,0,0,0,0,0
 570,    569000,     7,    -3,     0,     2,   873,   211, -1083,    17,0,0,0,0,0,0,0,0,0,0,0,0,0,0,1,1,1,0,0,1,0,0,0,0,1,0,0,0,0,0,0,0
 571,    570000,     5,    -1,     0,     3,   595,   541, -1147,    10,0,0,0,0,0,0,0,0,0,0,0,0,0,0,1,1,1,0,0,1,0,0,0,0,1,0,0,0,0,0,0,0
 572,    571000,     1,     1,     0,     3,   256,   844, -1109,     0,0,0,0,0,0,0,0,0,0,0,0,0,0,0,1,1,1,0,0,1,0,0,0,0,1,0,0,0,0,0,0,0
 573,    572000,     0,     3,     0,     3,  -118,  1044,  -969,   -10,0,0,0,0,0,0,0,0,0,0,0,0,0,0,1,1,1,0,0,1,0,0,0,0,1,0,0,0,0,0,0,0
 574,    573000,    -1,     5,     0,     2,  -470,  1157,  -720,   -12,0,0,0,0,0,0,0,0,0,0,0,0,0,0,1,1,1,0,0,1,0,0,0,0,1,0,0,0,0,0,0,0
 575,    574000,    -3,     7,     0,     0,  -777,  1136,  -398,   -15,0,0,0,0,0,0,0,0,0,0,0,0,0,0,1,1,1,0,0,1,0,0,0,0,1,0,0,0,0,0,0,0
 576,    575000,    -5,     7,     0,     0, -1015,  1011,   -40,   -21,0,0,0,0,0,0,0,0,0,0,0,0,0,0,1,1,1,0,0,1,0,0,0,0,1,0,0,0,0,0,0,0
 577,    576000,    -6,     7,     0,    -1, -1155,   802,   315,   -27,0,0,0,0,0,0,0,0,0,0,0,0,0,0,1,1,1,0,0,1,0,0,0,0,1,0,0,0,0,0,0,0
 578,    577000,    -6,     6,     0,    -3, -1168,   488,   636,   -28,0,0,0,0,0,0,0,0,0,0,0,0,0,0,1,1,1,0,0,1,0,0,0,0,1,0,0,0,0,0,0,0
 579,    578000,    -4,     3,     0,    -5, -1081,   132,   899,   -22,0,0,0,0,0,0,0,0,0,0,0,0,0,0,1,1,1,0,0,1,0,0,0,0,1,0,0,0,0,0,0,0
 580,    579000,    -3,     1,     0,    -7,  -889,  -231,  1076,   -14,0,0,0,0,0,0,0,0,0,0,0,0,0,0,1,1,1,0,0,1,0,0,0,0,1,0,0,0,0,0,0,0
 581,    580000,    -2,     0,     0,    -8,  -602,  -573,  1149,    -5,0,0,0,0,0,0,0,0,0,0,0,0,0,0,1,1,1,0,0,1,0,0,0,0,1,0,0,0,0,0,0,0
 582,    581000,     1,    -3,     0,    -8,  -254,  -861,  1107,     5,0,0,0,0,0,0,0,0,0,0,0,0,0,0,1,1,1,0,0,1,0,0,0,0,1,0,0,0,0,0,0,0
 583,    582000,     2,    -6,     0,    -8,   105, -1061,   952,    14,0,0,0,0,0,0,0,0,0,0,0,0,0,0,1,1,1,0,0,1,0,0,0,0,1,0,0,0,0,0,0,0
 584,    583000,     5,    -8,     0,    -6,   457, -1173,   702,    14,0,0,0,0,0,0,0,0,0,0,0,0,0,0,1,1,1,0,0,1,0,0,0,0,1,0,0,0,0,0,0,0
 585,    584000,     7,    -9,     0,    -5,   763, -1152,   379,    17,0,0,0,0,0,0,0,0,0,0,0,0,0,0,1,1,1,0,0,1,0,0,0,0,1,0,0,0,0,0,0,0
 586,    585000,     9,    -9,     0,    -4,  1000, -1020,    21,    25,0,0,0,0,0,0,0,0,0,0,0,0,0,0,1,1,1,0,0,1,0,0,0,0,1,0,0,0,0,0,0,0
 587,    586000,    11,    -9,     0,    -1,  1140,  -801,  -333,    30,0,0,0,0,0,0,0,0,0,0,0,0,0,0,1,1,1,0,0,1,0,0,0,0,1,0,0,0,0,0,0,0
 588,    587000,    11,    -8,     0,     0,  1152,  -501,  -655,    33,0,0,0,0,0,0,0,0,0,0,0,0,0,0,1,1,1,0,0,1,0,0,0,0,1,0,0,0,0,0,0,0
 589,    588000,     9,    -5,     0,     1,  1064,  -131,  -917,    24,0,0,0,0,0,0,0,0,0,0,0,0,0,0,1,1,1,0,0,1,0,0,0,0,1,0,0,0,0,0,0,0
 590,    589000,     7,    -3,     0,     2,   870,   215, -1085,    17,0,0,0,0,0,0,0,0,0,0,0,0,0,0,1,1,1,0,0,1,0,0,0,0,1,0,0,0,0,0,0,0
 591,    590000,     5,    -1,     0,     3,   591,   546, -1148,    10,0,0,0,0,0,0,0,0,0,0,0,0,0,0,1,1,1,0,0,1,0,0,0,0,1,0,0,0,0,0,0,0
 592,    591000,     1,     1,     0,     3,   251,   847, -1108,     0,0,0,0,0,0,0,0,0,0,0,0,0,0,0,1,1,1,0,0,1,0,0,0,0,1,0,0,0,0,0,0,0
 593,    592000,     0,     3,     0,     3,  -123,  1046,  -966,   -10,0,0,0,0,0,0,0,0,0,0,0,0,0,0,1,1,1,0,0,1,0,0,0,0,1,0,0,0,0,0,0,0
 594,    593000,    -1,     5,     0,     2,  -475,  1157,  -717,   -12,0,0,0,0,0,0,0,0,0,0,0,0,0,0,1,1,1,0,0,1,0,0,0,0,1,0,0,0,0,0,0,0
 595,    594000,    -3,     7,     0,     0,  -780,  1135,  -394,   -15,0,0,0,0,0,0,0,0,0,0,0,0,0,0,1,1,1,0,0,1,0,0,0,0,1,0,0,0,0,0,0,0
 596,    595000,    -5,     7,     0,     0, -1017,  1009,   -36,   -21,0,0,0,0,0,0,0,0,0,0,0,0,0,0,1,1,1,0,0,1,0,0,0,0,1,0,0,0,0,0,0,0
 597,    596000,    -6,     7,     0,    -1, -1156,   799,   318,   -27,0,0,0,0,0,0,0,0,0,0,0,0,0,0,1,1,1,0,0,1,0,0,0,0,1,0,0,0,0,0,0,0
 598,    597000,    -6,     6,     0,    -3, -1168,   484,   640,   -28,0,0,0,0,0,0,0,0,0,0,0,0,0,0,1,1,1,0,0,1,0,0,0,0,1,0,0,0,0,0,0,0
 599,    598000,    -4,     3,     0,    -5, -1079,   128,   901,   -22,0,0,0,0,0,0,0,0,0,0,0,0,0,0,1,1,1,0,0,1,0,0,0,0,1,0,0,0,0,0,0,0
 600,    599000,    -3,     1,     0,    -7,  -886,  -235,  1077,   -14,0,0,0,0,0,0,0,0,0,0,0,0,0,0,1,1,1,0,0,1,0,0,0,0,1,0,0,0,0,0,0,0
 601,    600000,    -2,     0,     0,    -8,  -599,  -577,  1149,    -5,0,0,0,0,0,0,0,0,0,0,0,0,0,0,1,1,1,0,0,1,0,0,0,0,1,0,0,0,0,0,0,0
 602,    601000,     1,    -3,     0,    -8,  -251,  -863,  1107,     5,0,0,0,0,0,0,0,0,0,0,0,0,0,0,1,1,1,0,0,1,0,0,0,0,1,0,0,0,0,0,0,0
 603,    602000,     2,    -6,     0,    -8,   108, -1063,   950,    14,0,0,0,0,0,0,0,0,0,0,0,0,0,0,1,1,1,0,0,1,0,0,0,0,1,0,0,0,0,0,0,0
 604,    603000,     5,    -8,     0,    -6,   460, -1174,   699,    13,0,0,0,0,0,0,0,0,0,0,0,0,0,0,1,1,1,0,0,1,0,0,0,0,1,0,0,0,0,0,0,0
 605,    604000,     8,    -9,     0,    -5,   765, -1152,   377,    17,0,0,0,0,0,0,0,0,0,0,0,0,0,0,1,1,1,0,0,1,0,0,0,0,1,0,0,0,0,0,0,0
 606,    605000,     9,    -9,     0,    -4,  1002, -1018,    19,    25,0,0,0,0,0,0,0,0,0,0,0,0,0,0,1,1,1,0,0,1,0,0,0,0,1,0,0,0,0,0,0,0
 607,    606000,    11,    -9,     0,    -1,  1140,  -799,  -336,    30,0,0,0,0,0,0,0,0,0,0,0,0,0,0,1,1,1,0,0,1,0,0,0,0,1,0,0,0,0,0,0,0
 608,    607000,    11,    -8,     0,     0,  1152,  -498,  -657,    33,0,0,0,0,0,0,0,0,0,0,0,0,0,0,1,1,1,0,0,1,0,0,0,0,1,0,0,0,0,0,0,0
 609,    608000,     9,    -5,     0,     1,  1063,  -128,  -919,    24,0,0,0,0,0,0,0,0,0,0,0,0,0,0,1,1,1,0,0,1,0,0,0,0,1,0,0,0,0,0,0,0
 610,    609000,     7,    -3,     0,     2,   868,   218, -1086,    17,0,0,0,0,0,0,0,0,0,0,0,0,0,0,1,1,1,0,0,1,0,0,0,0,1,0,0,0,0,0,0,0
 611,    610000,     5,    -1,     0,     3,   588,   549, -1148,    10,0,0,0,0,0,0,0,0,0,0,0,0,0,0,1,1,1,0,0,1,0,0,0,0,1,0,0,0,0,0,0,0
 612,    611000,     1,     1,     0,     3,   248,   849, -1107,    -1,0,0,0,0,0,0,0,0,0,0,0,0,0,0,1,1,1,0,0,1,0,0,0,0,1,0,0,0,0,0,0,0
 613,    612000,     0,     3,     0,     3,  -126,  1047,  -964,   -11,0,0,0,0,0,0,0,0,0,0,0,0,0,0,1,1,1,0,0,1,0,0,0,0,1,0,0,0,0,0,0,0
 614,    613000,    -1,     5,     0,     2,  -477,  1158,  -714,   -12,0,0,0,0,0,0,0,0,0,0,0,0,0,0,1,1,1,0,0,1,0,0,0,0,1,0,0,0,0,0,0,0
 615,    614000,    -3,     7,     0,     0,  -783,  1134,  -391,   -15,0,0,0,0,0,0,0,0,0,0,0,0,0,0,1,1,1,0,0,1,0,0,0,0,1,0,0,0,0,0,0,0
 616,    615000,    -5,     7,     0,     0, -1019,  1008,   -33,   -21,0,0,0,0,0,0,0,0,0,0,0,0,0,0,1,1,1,0,0,1,0,0,0,0,1,0,0,0,0,0,0,0
 617,    616000,    -6,     7,     0,    -1, -1157,   797,   321,   -27,0,0,0,0,0,0,0,0,0,0,0,0,0,0,1,1,1,0,0,1,0,0,0,0,1,0,0,0,0,0,0,0
 618,    617000,    -6,     6,     0,    -3, -1168,   481,   642,   -28,0,0,0,0,0,0,0,0,0,0,0,0,0,0,1,1,1,0,0,1,0,0,0,0,1,0,0,0,0,0,0,0
 619,    618000,    -4,     3,     0,    -5, -1078,   125,   903,   -22,0,0,0,0,0,0,0,0,0,0,0,0,0,0,1,1,1,0,0,1,0,0,0,0,1,0,0,0,0,0,0,0
 620,    619000,    -3,     1,     0,    -7,  -884,  -238,  1078,   -14,0,0,0,0,0,0,0,0,0,0,0,0,0,0,1,1,1,0,0,1,0,0,0,0,1,0,0,0,0,0,0,0
 621,    620000,    -2,     0,     0,    -8,  -596,  -579,  1150,    -5,0,0,0,0,0,0,0,0,0,0,0,0,0,0,1,1,1,0,0,1,0,0,0,0,1,0,0,0,0,0,0,0
 622,    621000,     1,    -3,     0,    -8,  -248,  -865,  1106,     5,0,0,0,0,0,0,0,0,0,0,0,0,0,0,1,1,1,0,0,1,0,0,0,0,1,0,0,0,0,0,0,0
 623,    622000,     2,    -6,     0,    -8,   111, -1064,   948,    14,0,0,0,0,0,0,0,0,0,0,0,0,0,0,1,1,1,0,0,1,0,0,0,0,1,0,0,0,0,0,0,0
 624,    623000,     5,    -8,     0,    -6,   462, -1174,   697,    15,0,0,0,0,0,0,0,0,0,0,0,0,0,0,1,1,1,0,0,1,0,0,0,0,1,0,0,0,0,0,0,0
 625,    624000,     8,    -9,     0,    -5,   768, -1151,   374,     9,0,0,0,0,0,0,0,0,0,0,0,0,0,0,1,1,1,0,0,1,0,0,0,0,1,0,0,0,0,0,0,0
 626,    625000,     9,    -9,     0,    -4,  1004, -1017,    16,     5,0,0,0,0,0,0,0,0,0,0,0,0,0,0,1,1,1,0,0,1,0,0,0,0,1,0,0,0,0,0,0,0
 627,    626000,    11,    -8,    -3,    -1,  1141,  -797,  -339,    10,0,0,0,0,0,0,0,0,0,0,0,0,0,0,1,1,1,0,0,1,0,0,0,0,1,0,0,0,0,0,0,0
 628,    627000,    11,    -8,    -5,     0,  1151,  -496,  -659,    10,0,0,0,0,0,0,0,0,0,0,0,0,0,0,1,1,1,0,0,1,0,0,0,0,1,0,0,0,0,0,0,0
 629,    628000,     9,    -5,    -7,     1,  1062,  -125,  -921,     9,0,0,0,0,0,0,0,0,0,0,0,0,0,0,1,1,1,0,0,1,0,0,0,0,1,0,0,0,0,0,0,0
 630,    629000,     7,    -3,    -9,     2,   866,   221, -1087,     6,0,0,0,0,0,0,0,0,0,0,0,0,0,0,1,1,1,0,0,1,0,0,0,0,1,0,0,0,0,0,0,0
 631,    630000,     5,    -1,    -9,     3,   586,   551, -1148,     1,0,0,0,0,0,0,0,0,0,0,0,0,0,0,1,1,1,0,0,1,0,0,0,0,1,0,0,0,0,0,0,0
 632,    631000,     1,     2,    -9,     3,   245,   851, -1107,    -3,0,0,0,0,0,0,0,0,0,0,0,0,0,0,1,1,1,0,0,1,0,0,0,0,1,0,0,0,0,0,0,0
 633,    632000,     0,     3,    -8,     3,  -129,  1048,  -963,    -1,0,0,0,0,0,0,0,0,0,0,0,0,0,0,1,1,1,0,0,1,0,0,0,0,1,0,0,0,0,0,0,0
 634,    633000,    -1,     5,    -6,     2,  -480,  1158,  -712,     1,0,0,0,0,0,0,0,0,0,0,0,0,0,0,1,1,1,0,0,1,0,0,0,0,1,0,0,0,0,0,0,0
 635,    634000,    -4,     7,    -4,     0,  -785,  1133,  -388,     2,0,0,0,0,0,0,0,0,0,0,0,0,0,0,1,0,0,0,0,1,0,0,0,0,1,0,0,1,0,0,0,0
 636,    635000,    -5,     7,    -2,     0, -1020,  1006,   -30,     1,0,0,0,0,0,0,0,0,0,0,0,0,0,0,1,0,0,0,0,1,0,0,0,0,1,0,0,1,0,0,0,0
 637,    636000,    -6,     6,     0,    -1, -1157,   795,   324,    -2,0,0,0,0,0,0,0,0,0,0,0,0,0,0,1,0,0,0,0,1,0,0,0,0,1,0,0,1,0,0,0,0
 638,    637000,    -6,     6,     3,    -3, -1167,   479,   644,    -4,0,0,0,0,0,0,0,0,0,0,0,0,0,0,1,0,0,0,0,1,0,0,0,0,1,0,0,1,0,0,0,0
 639,    638000,    -4,     3,     5,    -1, -1077,   122,   905,    -6,0,0,0,0,0,0,0,0,0,0,0,0,0,0,1,0,0,0,0,1,0,0,0,0,1,0,0,1,0,0,0,0
 640,    639000,    -3,     1,     7,     0,  -882,  -241,  1079,    -2,0,0,0,0,0,0,0,0,0,0,0,0,0,0,1,0,0,0,0,1,0,0,0,0,1,0,0,1,0,0,0,0
 641,    640000,    -2,     0,     7,     0,  -594,  -582,  1150,     2,0,0,0,0,0,0,0,0,0,0,0,0,0,0,1,0,0,0,0,1,0,0,0,0,1,0,0,1,0,0,0,0
 642,    641000,     1,    -4,     7,     0,  -245,  -867,  1105,     5,0,0,0,0,0,0,0,0,0,0,0,0,0,0,1,0,0,0,0,1,0,0,0,0,1,0,0,1,0,0,0,0
 643,    642000,     2,    -6,     7,     0,   114, -1065,   947,     6,0,0,0,0,0,0,0,0,0,0,0,0,0,0,1,0,0,0,0,1,0,0,0,0,1,0,0,1,0,0,0,0
 644,    643000,     5,    -8,     4,     0,   465, -1175,   694,     1,0,0,0,0,0,0,0,0,0,0,0,0,0,0,1,0,0,0,0,1,0,0,0,0,1,0,0,1,0,0,0,0
 645,    644000,     8,    -9,     2,     0,   770, -1150,   371,     1,0,0,0,0,0,0,0,0,0,0,0,0,0,0,1,0,0,0,0,1,0,0,0,0,1,0,0,1,0,0,0,0
 646,    645000,     9,    -9,     1,     0,  1005, -1016,    13,     6,0,0,0,0,0,0,0,0,0,0,0,0,0,0,1,0,0,0,0,1,0,0,0,0,1,0,0,1,0,0,0,0
 647,    646000,    11,    -8,    -3,     0,  1141,  -795,  -341,    10,0,0,0,0,0,0,0,0,0,0,0,0,0,0,1,0,0,0,0,1,0,0,0,0,1,0,0,1,0,0,0,0
 648,    647000,    11,    -8,    -5,     0,  1151,  -493,  -661,    10,0,0,0,0,0,0,0,0,0,0,0,0,0,0,1,0,0,0,0,1,0,0,0,0,1,0,0,1,0,0,0,0
 649,    648000,     9,    -5,    -7,     0,  1061,  -122,  -923,     9,0,0,0,0,0,0,0,0,0,0,0,0,0,0,1,0,0,0,0,1,0,0,0,0,1,0,0,1,0,0,0,0
 650,    649000,     7,    -3,    -9,     0,   864,   223, -1087,     6,0,0,0,0,0,0,0,0,0,0,0,0,0,0,1,0,0,0,0,1,0,0,0,0,1,0,0,1,0,0,0,0
 651,    650000,     5,    -1,    -9,     0,   583,   554, -1148,     1,0,0,0,0,0,0,0,0,0,0,0,0,0,0,1,0,0,0,0,1,0,0,0,0,1,0,0,1,0,0,0,0
 652,    651000,     1,     2,    -9,     0,   242,   853, -1106,    -3,0,0,0,0,0,0,0,0,0,0,0,0,0,0,1,0,0,0,0,1,0,0,0,0,1,0,0,1,0,0,0,0
 653,    652000,     0,     3,    -8,     0,  -131,  1050,  -961,    -1,0,0,0,0,0,0,0,0,0,0,0,0,0,0,1,0,0,0,0,1,0,0,0,0,1,0,0,1,0,0,0,0
 654,    653000,    -1,     5,    -6,     0,  -483,  1159,  -710,     1,0,0,0,0,0,0,0,0,0,0,0,0,0,0,1,0,0,0,0,1,0,0,0,0,1,0,0,1,0,0,0,0
 655,    654000,    -4,     7,    -4,     0,  -787,  1133,  -385,     2,0,0,0,0,0,0,0,0,0,0,0,0,0,0,1,0,0,0,0,1,0,0,0,0,1,0,0,1,0,0,0,0
 656,    655000,    -5,     7,    -2,     0, -1022,  1005,   -27,     1,0,0,0,0,0,0,0,0,0,0,0,0,0,0,1,0,0,0,0,1,0,0,0,0,1,0,0,1,0,0,0,0
 657,    656000,    -6,     6,     0,     0, -1158,   792,   327,    -2,0,0,0,0,0,0,0,0,0,0,0,0,0,0,1,0,0,0,0,1,0,0,0,0,1,0,0,1,0,0,0,0
 658,    657000,    -6,     6,     3,     0, -1167,   476,   647,    -4,0,0,0,0,0,0,0,0,0,0,0,0,0,0,1,0,0,0,0,1,0,0,0,0,1,0,0,1,0,0,0,0
 659,    658000,    -4,     3,     5,     0, -1076,   120,   907,    -6,0,0,0,0,0,0,0,0,0,0,0,0,0,0,1,0,0,0,0,1,0,0,0,0,1,0,0,1,0,0,0,0
 660,    659000,    -3,     1,     7,     0,  -880,  -244,  1081,    -2,0,0,0,0,0,0,0,0,0,0,0,0,0,0,1,0,0,0,0,1,0,0,0,0,1,0,0,1,0,0,0,0
 661,    660000,    -2,     0,     7,     0,  -591,  -584,  1150,     2,0,0,0,0,0,0,0,0,0,0,0,0,0,0,1,0,0,0,0,1,0,0,0,0,1,0,0,1,0,0,0,0
 662,    661000,     1,    -4,     7,     0,  -242,  -869,  1104,     5,0,0,0,0,0,0,0,0,0,0,0,0,0,0,1,0,0,0,0,1,0,0,0,0,1,0,0,1,0,0,0,0
 663,    662000,     2,    -6,     7,     0,   117, -1066,   945,     6,0,0,0,0,0,0,0,0,0,0,0,0,0,0,1,0,0,0,0,1,0,0,0,0,1,0,0,1,0,0,0,0
 664,    663000,     5,    -8,     4,     0,   468, -1175,   692,     1,0,0,0,0,0,0,0,0,0,0,0,0,0,0,1,0,0,0,0,1,0,0,0,0,1,0,0,1,0,0,0,0
 665,    664000,     8,    -9,     2,     0,   772, -1149,   368,     1,0,0,0,0,0,0,0,0,0,0,0,0,0,0,1,0,0,0,0,1,0,0,0,0,1,0,0,1,0,0,0,0
 666,    665000,     9,    -9,     1,     0,  1007, -1014,    10,     6,0,0,0,0,0,0,0,0,0,0,0,0,0,0,1,0,0,0,0,1,0,0,0,0,1,0,0,1,0,0,0,0
 667,    666000,    11,    -8,    -3,     0,  1142,  -793,  -344,    10,0,0,0,0,0,0,0,0,0,0,0,0,0,0,1,0,0,0,0,1,0,0,0,0,1,0,0,1,0,0,0,0
 668,    667000,    11,    -8,    -5,     0,  1151,  -490,  -664,    10,0,0,0,0,0,0,0,0,0,0,0,0,0,0,1,0,0,0,0,1,0,0,0,0,1,0,0,1,0,0,0,0
 669,    668000,     9,    -5,    -7,     0,  1059,  -119,  -925,     9,0,0,0,0,0,0,0,0,0,0,0,0,0,0,1,0,0,0,0,1,0,0,0,0,1,0,0,1,0,0,0,0
 670,    669000,     7,    -3,    -9,     0,   862,   226, -1088,     6,0,0,0,0,0,0,0,0,0,0,0,0,0,0,1,0,0,0,0,1,0,0,0,0,1,0,0,1,0,0,0,0
 671,    670000,     5,    -1,    -9,     0,   581,   557, -1148,     0,0,0,0,0,0,0,0,0,0,0,0,0,0,0,1,0,0,0,0,1,0,0,0,0,1,0,0,1,0,0,0,0
 672,    671000,     1,     2,    -9,     0,   239,   855, -1105,    -3,0,0,0,0,0,0,0,0,0,0,0,0,0,0,1,0,0,0,0,1,0,0,0,0,1,0,0,1,0,0,0,0
 673,    672000,     0,     3,    -8,     0,  -134,  1051,  -960,    -1,0,0,0,0,0,0,0,0,0,0,0,0,0,0,1,0,0,0,0,1,0,0,0,0,1,0,0,1,0,0,0,0
 674,    673000,    -2,     5,    -6,     0,  -485,  1159,  -707,     1,0,0,0,0,0,0,0,0,0,0,0,0,0,0,1,0,0,0,0,1,0,0,0,0,1,0,0,1,0,0,0,0
 675,    674000,    -4,     7,    -4,     0,  -789,  1132,  -383,     2,0,0,0,0,0,0,0,0,0,0,0,0,0,0,1,0,0,0,0,1,0,0,0,0,1,0,0,1,0,0,0,0
 676,    675000,    -5,     7,    -2,     0, -1024,  1004,   -24,     1,0,0,0,0,0,0,0,0,0,0,0,0,0,0,1,0,0,0,0,1,0,0,0,0,1,0,0,1,0,0,0,0
 677,    676000,    -6,     6,     0,     0, -1158,   790,   329,    -2,0,0,0,0,0,0,0,0,0,0,0,0,0,0,1,0,0,0,0,1,0,0,0,0,1,0,0,1,0,0,0,0
 678,    677000,    -6,     6,     3,     0, -1167,   473,   649,    -4,0,0,0,0,0,0,0,0,0,0,0,0,0,0,1,0,0,0,0,1,0,0,0,0,1,0,0,1,0,0,0,0
 679,    678000,    -4,     3,     5,     0, -1075,   117,   908,    -6,0,0,0,0,0,0,0,0,0,0,0,0,0,0,1,0,0,0,0,1,0,0,0,0,1,0,0,1,0,0,0,0
 680,    679000,    -3,     1,     7,     0,  -878,  -247,  1082,    -2,0,0,0,0,0,0,0,0,0,0,0,0,0,0,1,0,0,0,0,1,0,0,0,0,1,0,0,1,0,0,0,0
 681,    680000,    -2,     0,     7,     0,  -588,  -587,  1150,     2,0,0,0,0,0,0,0,0,0,0,0,0,0,0,1,0,0,0,0,1,0,0,0,0,1,0,0,1,0,0,0,0
 682,    681000,     1,    -4,     7,     0,  -240,  -871,  1103,     5,0,0,0,0,0,0,0,0,0,0,0,0,0,0,1,0,0,0,0,1,0,0,0,0,1,0,0,1,0,0,0,0
 683,    682000,     2,    -6,     7,     0,   120, -1067,   944,     6,0,0,0,0,0,0,0,0,0,0,0,0,0,0,1,0,0,0,0,1,0,0,0,0,1,0,0,1,0,0,0,0
 684,    683000,     5,    -8,     4,     0,   470, -1175,   690,     1,0,0,0,0,0,0,0,0,0,0,0,0,0,0,1,0,0,0,0,1,0,0,0,0,1,0,0,1,0,0,0,0
 685,    684000,     8,    -9,     2,     0,   774, -1149,   365,     1,0,0,0,0,0,0,0,0,0,0,0,0,0,0,1,0,0,0,0,1,0,0,0,0,1,0,0,1,0,0,0,0
 686,    685000,     9,    -9,     1,     0,  1008, -1013,     7,     6,0,0,0,0,0,0,0,0,0,0,0,0,0,0,1,0,0,0,0,1,0,0,0,0,1,0,0,1,0,0,0,0
 687,    686000,    11,    -8,    -3,     0,  1142,  -790,  -347,    10,0,0,0,0,0,0,0,0,0,0,0,0,0,0,1,0,0,0,0,1,0,0,0,0,1,0,0,1,0,0,0,0
 688,    687000,    11,    -8,    -5,     0,  1151,  -488,  -666,    10,0,0,0,0,0,0,0,0,0,0,0,0,0,0,1,0,0,0,0,1,0,0,0,0,1,0,0,1,0,0,0,0
 689,    688000,     9,    -5,    -7,     0,  1058,  -116,  -926,     9,0,0,0,0,0,0,0,0,0,0,0,0,0,0,1,0,0,0,0,1,0,0,0,0,1,0,0,1,0,0,0,0
 690,    689000,     7,    -3,    -9,     0,   860,   229, -1089,     6,0,0,0,0,0,0,0,0,0,0,0,0,0,0,1,0,0,0,0,1,0,0,0,0,1,0,0,1,0,0,0,0
 691,    690000,     5,    -1,    -9,     0,   578,   560, -1148,     0,0,0,0,0,0,0,0,0,0,0,0,0,0,0,1,0,0,0,0,1,0,0,0,0,1,0,0,1,0,0,0,0
 692,    691000,     1,     2,    -9,     0,   237,   857, -1104,    -3,0,0,0,0,0,0,0,0,0,0,0,0,0,0,1,0,0,0,0,1,0,0,0,0,1,0,0,1,0,0,0,0
 693,    692000,     0,     3,    -8,     0,  -137,  1052,  -958,    -1,0,0,0,0,0,0,0,0,0,0,0,0,0,0,1,0,0,0,0,1,0,0,0,0,1,0,0,1,0,0,0,0
 694,    693000,    -2,     5,    -6,     0,  -488,  1160,  -705,     1,0,0,0,0,0,0,0,0,0,0,0,0,0,0,1,0,0,0,0,1,0,0,0,0,1,0,0,1,0,0,0,0
 695,    694000,    -4,     7,    -4,     0,  -791,  1131,  -380,     3,0,0,0,0,0,0,0,0,0,0,0,0,0,0,1,0,0,0,0,1,0,0,0,0,1,0,0,1,0,0,0,0
 696,    695000,    -5,     7,    -2,     0, -1025,  1002,   -21,     1,0,0,0,0,0,0,0,0,0,0,0,0,0,0,1,0,0,0,0,1,0,0,0,0,1,0,0,1,0,0,0,0
 697,    696000,    -6,     6,     0,     0, -1143,   777,   329,    -2,0,0,0,0,0,0,0,0,0,0,0,0,0,0,1,0,0,0,0,1,0,0,0,0,1,0,0,1,0,0,0,0
 698,    697000,    -6,     6,     3,     0, -1168,   470,   649,    -4,0,0,0,0,0,0,0,0,0,0,0,0,0,0,1,0,0,0,0,1,0,0,0,0,1,0,0,1,0,0,0,0
 699,    698000,    -6,     6,     3,     0, -1168,   470,   649,    -4,0,0,0,0,0,0,0,0,0,0,0,0,0,0,1,0,0,0,0,1,0,0,0,0,1,0,0,1,0,0,0,0
 700,    699000,   268,   268,   268,   268,   268,   268,   268,   268,0,0,0,0,0,0,0,0,0,0,0,0,0,0,1,0,0,0,0,1,0,0,0,0,1,0,0,1,0,0,0,0
